2.77563723932161E-05
2.77577392058377E-05
2.77511214090934E-05
2.77497387650207E-05
2.77501976019101E-05
2.77352540869817E-05
2.77331029333607E-05
2.77243251274375E-05
2.7738321484484E-05
2.77487411346239E-05
2.77492281623158E-05
2.77498652141797E-05
2.77445523757928E-05
2.77559857718553E-05
2.77572922372043E-05
2.77517167887307E-05
2.77517687415322E-05
2.77458307025873E-05
2.77476090290994E-05
2.7753406566423E-05
2.77521118013997E-05
2.77423055154437E-05
2.77399357410847E-05
2.7743259266035E-05
2.77441794645688E-05
2.77555013906336E-05
2.77596319958644E-05
2.77603133386132E-05
2.77635163968114E-05
2.77595256929867E-05
2.77484092535395E-05
2.77473911475494E-05
2.775360553394E-05
2.77521115607595E-05
2.77438582216809E-05
2.77466953539942E-05
2.77541360843687E-05
2.77518931362926E-05
2.77628021140589E-05
2.77674272335875E-05
2.77644426007572E-05
2.77481122327393E-05
2.77520832868161E-05
2.77614361773623E-05
2.77589667012283E-05
2.77566584309792E-05
2.77550519829176E-05
2.77482463022734E-05
2.77393189242386E-05
2.77590474666396E-05
2.77543759355029E-05
2.7757920182919E-05
2.77437288677379E-05
2.77438124136354E-05
2.77658094439214E-05
2.77685177636283E-05
2.77675264951132E-05
2.77651942507713E-05
2.77505409536818E-05
2.77581618112833E-05
2.77612215292681E-05
2.77550428472609E-05
2.77679587532868E-05
2.77589961405469E-05
2.77580592284997E-05
2.77581230163076E-05
2.77518114831386E-05
2.77524855342309E-05
2.77437804150414E-05
2.774311761525E-05
2.77440495945493E-05
2.77534797188071E-05
2.77652081053955E-05
2.77578410921063E-05
2.77569887843361E-05
2.77525253968591E-05
2.77689080515684E-05
2.7761585822671E-05
2.77648598666399E-05
2.77610374708032E-05
2.77580974063475E-05
2.77565239189055E-05
2.77651981445865E-05
2.77633649523285E-05
2.77610854147627E-05
2.77622164839858E-05
2.77642634058547E-05
2.77708415233011E-05
2.77690784503769E-05
2.77701009709523E-05
2.77760364358858E-05
2.77730776617954E-05
2.77771980386227E-05
2.77703275144924E-05
2.77716452913164E-05
2.77726191481427E-05
2.77742950788958E-05
2.77736854156861E-05
2.77745604508675E-05
2.77779024449971E-05
2.77770754275076E-05
2.77781718824813E-05
2.77661071725926E-05
2.77644923191841E-05
2.77703195077131E-05
2.77719442690823E-05
2.77770879271631E-05
2.77687461737755E-05
2.77758832998825E-05
2.77725978129365E-05
2.777978180004E-05
2.77796182212462E-05
2.77836859374291E-05
2.77871038703718E-05
2.7791471582944E-05
2.77977011753377E-05
2.77935880429078E-05
2.77933723315313E-05
2.77874717900557E-05
2.77872803165997E-05
2.77855315506887E-05
2.7776891081516E-05
2.77904961192647E-05
2.77918321166043E-05
2.78017157523518E-05
2.78225100747337E-05
2.78213298216658E-05
2.78157981622819E-05
2.78176712991406E-05
2.78169471885843E-05
2.78082316160019E-05
2.78029385033719E-05
2.78073964468615E-05
2.78027356854332E-05
2.78009963130918E-05
2.77983949515533E-05
2.77831098192152E-05
2.77919145543584E-05
2.77899159745251E-05
2.77848732945622E-05
2.77695021015558E-05
2.77659729365599E-05
2.77435583236521E-05
2.77467767525521E-05
2.7773565565852E-05
2.77612963627263E-05
2.77578710992587E-05
2.77569889135854E-05
2.77534565726635E-05
2.77506756111059E-05
2.77486253038786E-05
2.77458298735374E-05
2.77379317199501E-05
2.7736439782077E-05
2.77412951171676E-05
2.77405549435885E-05
2.77294062792168E-05
2.77255945113374E-05
2.77204919690828E-05
2.77164162970526E-05
2.77259951840989E-05
2.77312263541279E-05
2.77413740989502E-05
2.77356800486426E-05
2.77459852514603E-05
2.77522016376182E-05
2.77559996443505E-05
2.77566680640603E-05
2.77612954679009E-05
2.7759159925732E-05
2.775659390935E-05
2.77614205731211E-05
2.77629544094694E-05
2.77602767697329E-05
2.77621514152296E-05
2.775664485746E-05
2.77635401918512E-05
2.77550917421711E-05
2.77640413270199E-05
2.77593916487659E-05
2.77646781502731E-05
2.77579513973967E-05
2.7754772377194E-05
2.77507582156057E-05
2.7766714041213E-05
2.77718316706539E-05
2.77758215101129E-05
2.77715706544759E-05
2.7771533656242E-05
2.77708607112504E-05
2.77800204134566E-05
2.77872575770396E-05
2.7778262076343E-05
2.7784316250231E-05
2.77900223941257E-05
2.77904951787403E-05
2.7781688402055E-05
2.77708475870634E-05
2.77698284121526E-05
2.77754729487456E-05
2.77761513233806E-05
2.77746513942475E-05
2.77738321667332E-05
2.77704546706097E-05
2.77747195599945E-05
2.77605638399106E-05
2.77584185115828E-05
2.77645010685205E-05
2.77663210995171E-05
2.77583304522724E-05
2.77558606871867E-05
2.77479890739745E-05
2.77463714337469E-05
2.77481443934307E-05
2.77461273630961E-05
2.77572677636007E-05
2.77558028750539E-05
2.77630406360417E-05
2.77656547014304E-05
2.77635447059359E-05
2.77625029874005E-05
2.7763398318926E-05
2.77696366446081E-05
2.77632287739012E-05
2.77592199329503E-05
2.77619495138683E-05
2.77636160550613E-05
2.77665274661286E-05
2.77753111130766E-05
2.77857986083242E-05
2.77948039847977E-05
2.77941617293462E-05
2.77910961906293E-05
2.77848114761257E-05
2.77886765544082E-05
2.77900984393506E-05
2.77750249070089E-05
2.77739776416074E-05
2.77801798916444E-05
2.77784292286333E-05
2.77744804577371E-05
2.7784419222848E-05
2.77841109255199E-05
2.77734288027428E-05
2.77798628821613E-05
2.77791665484627E-05
2.77896131185149E-05
2.77941025355743E-05
2.77805454106055E-05
2.77852936185856E-05
2.77667915359446E-05
2.77568097087501E-05
2.77495926884131E-05
2.77547688839968E-05
2.77496812918199E-05
2.77468190294944E-05
2.77532317473529E-05
2.7763484632724E-05
2.77659700573126E-05
2.77609980059084E-05
2.77576741675281E-05
2.77652145955355E-05
2.77726786018738E-05
2.77651583849655E-05
2.77745329325502E-05
2.77676222477967E-05
2.77655125667388E-05
2.77660688080315E-05
2.77710694000217E-05
2.77724967325861E-05
2.77392590280517E-05
2.77424650561164E-05
2.77386090648998E-05
2.77376947040852E-05
2.77358911540479E-05
2.77295819061159E-05
2.77215115966682E-05
2.77333534167384E-05
2.7733638508591E-05
2.77291613632828E-05
2.77214950786241E-05
2.77186345697907E-05
2.77274456650372E-05
2.77354820440651E-05
2.77316468710459E-05
2.77430303618873E-05
2.77464447608062E-05
2.7745402039972E-05
2.77430752152318E-05
2.77424737798856E-05
2.77391152877525E-05
2.77342836129581E-05
2.77354680816993E-05
2.77438370956181E-05
2.77401692779941E-05
2.77423206637811E-05
2.77510561096541E-05
2.77465797315914E-05
2.77394957337069E-05
2.77445225323401E-05
2.77555081442519E-05
2.77520650077817E-05
2.77513043792403E-05
2.77556894794954E-05
2.77418945658045E-05
2.77448607787365E-05
2.77399472612804E-05
2.77490620557218E-05
2.77374971132726E-05
2.77320828425422E-05
2.77369868906929E-05
2.77455944735119E-05
2.7744804009753E-05
2.77408454442239E-05
2.77355516388332E-05
2.77430727495251E-05
2.77470464765213E-05
2.774532865334E-05
2.7739460795893E-05
2.77371636945352E-05
2.77456202393839E-05
2.77552098698137E-05
2.77411904680417E-05
2.7732659360201E-05
2.77307978314319E-05
2.77316153055583E-05
2.77460146509648E-05
2.7743346276243E-05
2.77320268410802E-05
2.77244367101454E-05
2.77403438151172E-05
2.7739891692831E-05
2.7734761275127E-05
2.77306989173623E-05
2.77315065011987E-05
2.77318497077303E-05
2.77494009719681E-05
2.77509041545822E-05
2.77449866479793E-05
2.77398432843712E-05
2.77301811546686E-05
2.77373855441253E-05
2.77395128335252E-05
2.77337002840914E-05
2.77408677962512E-05
2.77390892991079E-05
2.77421735494103E-05
2.77352267031466E-05
2.77369438677965E-05
2.77384313251565E-05
2.773417870783E-05
2.77333279287108E-05
2.77344602938319E-05
2.773615168495E-05
2.77422751282473E-05
2.77506063021892E-05
2.77506926348362E-05
2.77589303697209E-05
2.77594382152314E-05
2.77475598774232E-05
2.77519857392249E-05
2.77457609246927E-05
2.77443204705522E-05
2.7753773908988E-05
2.775511056541E-05
2.77667739604489E-05
2.77574404520748E-05
2.77571982012924E-05
2.77489864497535E-05
2.77539226746672E-05
2.77623997844017E-05
2.77662095069437E-05
2.77701825331418E-05
2.77688800139544E-05
2.7777846929431E-05
2.77862782551795E-05
2.77992538962545E-05
2.77933136070911E-05
2.77922230323074E-05
2.78009977070699E-05
2.77969140277939E-05
2.77948052788001E-05
2.77957892909965E-05
2.77967380771912E-05
2.77918029619587E-05
2.77840086279085E-05
2.77783234425522E-05
2.77844679538263E-05
2.77847206499668E-05
2.77673686022859E-05
2.77751396799123E-05
2.77722924595325E-05
2.7760489099479E-05
2.77666716296111E-05
2.77607084053266E-05
2.77601130363588E-05
2.77620223921787E-05
2.77634264920422E-05
2.77615000625636E-05
2.77638351175835E-05
2.77691363570404E-05
2.77784960681675E-05
2.77746985333636E-05
2.77764321610032E-05
2.77743519828469E-05
2.77697575470371E-05
2.77708729825839E-05
2.77750817783496E-05
2.77758001302841E-05
2.77693753383095E-05
2.77670882442213E-05
2.77708401004947E-05
2.77743925105674E-05
2.77674873363219E-05
2.77664977939562E-05
2.77679199739735E-05
2.77603329765E-05
2.77598153015438E-05
2.7758076683783E-05
2.77570464684811E-05
2.77643832088817E-05
2.77539908258261E-05
2.77609946267341E-05
2.77556252002285E-05
2.77565479002036E-05
2.77552234734458E-05
2.77654524540325E-05
2.77572549097982E-05
2.77624458908713E-05
2.77696074491595E-05
2.77712232978185E-05
2.77705350936913E-05
2.77758264092247E-05
2.77737063362172E-05
2.77778760015784E-05
2.77831457816593E-05
2.77914571645102E-05
2.77780722982087E-05
2.77772350786791E-05
2.77774150469418E-05
2.77694864270352E-05
2.77646921290501E-05
2.77738662585862E-05
2.77717204432933E-05
2.77793714302758E-05
2.77839224619912E-05
2.77833800815876E-05
2.77879872951039E-05
2.77871996281726E-05
2.77849632532602E-05
2.77817003069227E-05
2.77667122863058E-05
2.7771735809611E-05
2.77731789840379E-05
2.77725041207526E-05
2.77794535004827E-05
2.77689502219635E-05
2.77708391045486E-05
2.77721401368138E-05
2.77728214263398E-05
2.77583528971647E-05
2.77605606553793E-05
2.7763299218802E-05
2.77675729569098E-05
2.77734851797504E-05
2.77718516493032E-05
2.77709898236055E-05
2.77751087352265E-05
2.77711720756078E-05
2.77643849799774E-05
2.77562884652475E-05
2.77535925681299E-05
2.77527924201745E-05
2.77547817688992E-05
2.77566775114636E-05
2.7762087704708E-05
2.77564102600725E-05
2.77417511093604E-05
2.77445334123844E-05
2.77575491692229E-05
2.7760272939705E-05
2.77638842569871E-05
2.77654936811379E-05
2.77675207752007E-05
2.77709316302387E-05
2.77706311906094E-05
2.77642090245099E-05
2.77620679401773E-05
2.77756771413424E-05
2.77879698278781E-05
2.77883874247541E-05
2.779678763317E-05
2.77960504915798E-05
2.77999237022651E-05
2.7796172294149E-05
2.77892171660009E-05
2.7788253759645E-05
2.77897681828415E-05
2.77933731668129E-05
2.77818603948712E-05
