3.05774125254334E-05
3.21245776840934E-05
3.48887908061683E-05
3.59515339998023E-05
3.6714036961406E-05
3.72517207499427E-05
3.80035242386378E-05
3.83336587822983E-05
3.84673858358414E-05
3.86234354022111E-05
3.8798772080292E-05
3.89117622498695E-05
3.90143176529652E-05
3.90919990591372E-05
3.91974016423624E-05
3.92953203648236E-05
3.93341798059073E-05
3.93994148731653E-05
3.94345498933956E-05
3.9479960989214E-05
3.95513229076212E-05
3.95519607982529E-05
3.96311586202038E-05
3.9650623939081E-05
3.96367301645018E-05
3.9672477850499E-05
3.97304642579926E-05
3.97355545493293E-05
3.97337824967369E-05
3.97563934928259E-05
3.97614716833478E-05
3.97320418199562E-05
3.97477051379814E-05
3.9758577715136E-05
3.97681625514717E-05
3.97583245173628E-05
3.97715762645465E-05
3.97694603230869E-05
3.97698653684047E-05
3.97617381394905E-05
3.97502080031782E-05
3.97551352377242E-05
3.97642554279154E-05
3.97680255513821E-05
3.9759820206198E-05
3.97608971394687E-05
3.97672917563009E-05
3.9777977410096E-05
3.9763200375057E-05
3.97839203276225E-05
3.97671160161446E-05
3.97795888843474E-05
3.97734381375902E-05
3.97496892713124E-05
3.97666327607492E-05
3.9769332739167E-05
3.97754206519554E-05
3.9789321162398E-05
3.97906705142977E-05
3.97855147133036E-05
3.97778844965135E-05
3.97922963267597E-05
3.97907470489493E-05
3.97855628597399E-05
3.9793269511051E-05
3.97932348267896E-05
3.97879299132922E-05
3.97817360879559E-05
3.97867931362009E-05
3.97951778010888E-05
3.97797279457749E-05
3.98145875358314E-05
3.98139474816871E-05
3.98135149286706E-05
3.98042267192095E-05
3.98048436536164E-05
3.98166208782042E-05
3.98200024126648E-05
3.98155747419914E-05
3.98497560250075E-05
3.98416106253343E-05
3.98472623791302E-05
3.98489647439072E-05
3.98564267474005E-05
3.98592535166286E-05
3.98152054557831E-05
3.98306362189186E-05
3.98350274279403E-05
3.98304329461911E-05
3.983005973157E-05
3.98169193138962E-05
3.98141589756736E-05
3.9841428708496E-05
3.98557927464321E-05
3.98456789823375E-05
3.98646483291022E-05
3.9850869484544E-05
3.98275063412126E-05
3.98415449337897E-05
3.98310141544897E-05
3.9825693951393E-05
3.98351532678459E-05
3.98296384362376E-05
3.98184115756358E-05
3.98304143980525E-05
3.98267582368045E-05
4.05845578365058E-05
4.05812210393342E-05
4.05997815846118E-05
4.06028898245165E-05
4.05837009868773E-05
4.0592921166444E-05
4.05996501513304E-05
4.05862149012077E-05
4.05931330112584E-05
4.0569869207597E-05
4.05568526055595E-05
4.05413917720114E-05
4.05391357998034E-05
4.03500795051672E-05
4.0350109586893E-05
4.0386806354379E-05
4.03911722253324E-05
4.03686786108331E-05
4.03801639660905E-05
4.03789210211085E-05
4.03974980028638E-05
4.04075827857342E-05
4.04068479869731E-05
4.03930754983145E-05
4.03956873999329E-05
4.03916532159915E-05
4.04026006475668E-05
4.03905380873969E-05
4.03903852066558E-05
4.04030965513555E-05
4.04031222323363E-05
4.04143888523881E-05
4.03984994057978E-05
4.04145858035721E-05
4.04093203047883E-05
4.04104047819819E-05
4.040991714288E-05
4.0403654492005E-05
4.04230016427394E-05
4.04283639729006E-05
4.04047425376305E-05
4.04146914280998E-05
4.0435320871491E-05
4.04316516494692E-05
4.04395950486153E-05
4.04417081010681E-05
4.04445710159272E-05
4.04406430590965E-05
4.04457548297543E-05
4.04327454184733E-05
4.04248235191861E-05
4.04311198987766E-05
4.04336480108607E-05
4.04249681930463E-05
4.04221697037454E-05
4.04501276232203E-05
4.04611962028586E-05
4.04622775081882E-05
4.04453163499107E-05
4.04472898007561E-05
4.04427248211133E-05
4.04592302274168E-05
4.04420939789757E-05
4.04361297700098E-05
4.04402203134302E-05
4.04397265551203E-05
4.04454554264555E-05
4.04378756815678E-05
4.04419195816871E-05
4.0435624304594E-05
4.04345071623987E-05
4.04197165704352E-05
4.03844361855202E-05
4.03901119732702E-05
4.03917560096083E-05
4.04001451661377E-05
4.04083901606676E-05
4.0413672548723E-05
4.0396020474523E-05
4.04103817231244E-05
4.04036949342505E-05
4.04127474473735E-05
4.04388929191364E-05
4.04445591477357E-05
4.04307021190866E-05
4.0423391902426E-05
4.04016256882636E-05
4.03982291433166E-05
4.04011201083591E-05
4.04067815991214E-05
4.0415998055012E-05
4.04114731464165E-05
4.04218302555021E-05
4.0433136827995E-05
4.04453178613984E-05
4.04432919743508E-05
4.04201660362951E-05
4.04350034704357E-05
4.04444125041809E-05
4.0474146548856E-05
4.04748790003174E-05
4.04560083936663E-05
4.04751335161518E-05
4.0456898619774E-05
4.04631533248953E-05
4.04678479676036E-05
4.04629160853618E-05
4.04603242749726E-05
4.0478319699128E-05
4.04735555346794E-05
4.04800807803996E-05
4.04962620274013E-05
4.06430393751016E-05
4.06483884903652E-05
4.06544311959268E-05
4.0651492243933E-05
4.06563209821215E-05
4.06581222756724E-05
4.06410010343396E-05
4.06505937086331E-05
4.06379094008833E-05
4.06297530533736E-05
4.06321685219092E-05
4.06122649073757E-05
4.07871392985486E-05
4.07791170763256E-05
4.07988455224941E-05
4.07788038700681E-05
4.07572511439694E-05
4.07951913578949E-05
4.08092986696293E-05
4.07951811195011E-05
4.07804345773218E-05
4.07819497342066E-05
4.07664795696381E-05
4.07797943445472E-05
4.07928933716942E-05
4.07941845107043E-05
4.07962122976894E-05
4.0799788469616E-05
4.07734028441231E-05
4.07774072862955E-05
4.07944835637731E-05
4.07862003030914E-05
4.07829945156769E-05
4.07969615568636E-05
4.07795092997105E-05
4.07766376270103E-05
4.07803072231537E-05
4.07784460149114E-05
4.079536352351E-05
4.07883302508641E-05
4.07999410032329E-05
4.08010390574223E-05
4.07989306895883E-05
4.0795350344071E-05
4.07911854392539E-05
4.07996240020385E-05
4.07882621366752E-05
4.07711753736472E-05
4.07814193863068E-05
4.07784290291308E-05
4.07913467094051E-05
4.07788607598737E-05
4.08057702572152E-05
4.08093920893882E-05
4.08698726616968E-05
4.0862277936035E-05
4.08501943540722E-05
4.08685545204634E-05
4.08581467839771E-05
4.0855102044803E-05
4.08542148891029E-05
4.08413500273919E-05
4.08324922741814E-05
4.08374782779005E-05
4.08482362492677E-05
4.08441301315404E-05
4.08499761297031E-05
4.0859263236022E-05
4.08548390968435E-05
4.08574197179083E-05
4.08603206451409E-05
4.0865246699781E-05
4.0870887149795E-05
4.08634567862025E-05
4.08548986195319E-05
4.08533453983268E-05
4.08336298337109E-05
4.08452320875716E-05
4.08718751378126E-05
4.0872577865916E-05
4.10548905234308E-05
4.10524803504157E-05
4.10415856906154E-05
4.1047762289066E-05
4.10361310552347E-05
4.10381042140497E-05
4.10119251140575E-05
4.10203942651127E-05
4.101179597669E-05
4.10305661492864E-05
4.10550937004034E-05
4.10563904861236E-05
4.10328984898316E-05
4.10276392849212E-05
4.10265813150188E-05
4.10371929940038E-05
4.10456770967082E-05
4.10316751170264E-05
4.1030231135069E-05
4.1028157197012E-05
4.10313860304643E-05
4.10246007858898E-05
4.10210531458293E-05
4.10024033527714E-05
4.10176800185895E-05
4.10238841270407E-05
4.10182892933208E-05
4.10319323669551E-05
4.10282566790409E-05
4.10332736723386E-05
4.10448742467092E-05
4.10400219816814E-05
4.10415227926794E-05
4.10396186658456E-05
4.10483709368668E-05
4.10472152830126E-05
4.1043618058331E-05
4.10366070562539E-05
4.102876940712E-05
4.10406059492575E-05
4.10461558307061E-05
4.10328210551814E-05
4.10189597273267E-05
4.10321211478125E-05
4.10328803238571E-05
4.1030318880281E-05
4.10216577996313E-05
4.10232323410924E-05
4.10385569616562E-05
4.10429779266263E-05
4.10353340723084E-05
4.10351410690207E-05
4.10387633852491E-05
4.1034347577076E-05
4.10364739215083E-05
4.10397026900591E-05
4.10503912942287E-05
4.10407422072579E-05
4.10344812679396E-05
4.10461877485958E-05
4.10444117303068E-05
4.10724714989545E-05
4.10484211690191E-05
4.10451428395404E-05
4.10570901167575E-05
4.10597754796768E-05
4.10416038431794E-05
4.10596669634899E-05
4.1051177544682E-05
4.10265972858567E-05
4.10063407561608E-05
4.10252425775046E-05
4.10332370095217E-05
4.10157444047954E-05
4.10322970828892E-05
4.10392638091897E-05
4.10295877918372E-05
4.10449822184751E-05
4.10511757910129E-05
4.10466612005662E-05
4.10353370794573E-05
4.10404417701209E-05
4.10306221308046E-05
4.10186069557994E-05
4.10220622738109E-05
4.09971777577296E-05
4.10286051051787E-05
4.10047309818E-05
4.09988125049395E-05
4.10169093873257E-05
4.10045652562569E-05
4.09944605510673E-05
4.10195251211016E-05
4.10275119477294E-05
4.1037251401628E-05
4.10405192965095E-05
4.10315412162111E-05
4.10227244036184E-05
4.10143608186634E-05
4.10314407114302E-05
4.10393606507685E-05
4.1032395225147E-05
4.10281929506685E-05
4.10326349975973E-05
4.10266549383341E-05
4.10245483596962E-05
4.1021596945948E-05
4.10359112485658E-05
4.10278231309846E-05
4.10275030778098E-05
4.10126390535948E-05
4.10221442474215E-05
4.10260166160267E-05
4.10054279359983E-05
4.10208299134603E-05
4.10039090456004E-05
4.10124716585928E-05
4.10116958168739E-05
4.10157052691615E-05
4.09872945476827E-05
4.09925690756977E-05
4.09700360707282E-05
4.09889937687483E-05
4.10049397399298E-05
4.10066268212806E-05
4.10234633633759E-05
4.09080623527404E-05
4.09080487990185E-05
4.08874977410561E-05
4.08770238961177E-05
4.08803107997616E-05
4.08743825104895E-05
4.08845555314303E-05
4.08846335395793E-05
4.08925096310615E-05
4.09081940029219E-05
4.08985133036323E-05
4.08954187422433E-05
4.09065490994349E-05
4.09118015624768E-05
4.09011112019197E-05
4.08710667860724E-05
4.08767073490887E-05
4.0900764509651E-05
4.09146520247036E-05
4.08981978655283E-05
4.09094167920507E-05
4.09074834661897E-05
4.0888438379229E-05
4.08988101286628E-05
4.08973599884605E-05
4.08736215068629E-05
4.08757346073702E-05
4.08600992958212E-05
4.08880887128729E-05
4.08960937966995E-05
4.09208282017353E-05
4.09129600271077E-05
4.09259052627429E-05
4.09176445232463E-05
4.09116314411198E-05
4.09294613072642E-05
4.09531574368464E-05
4.09538170710556E-05
4.09535863516793E-05
4.09527705964359E-05
4.09420429732053E-05
4.09377139251405E-05
4.09263015634123E-05
4.09244733056111E-05
4.09420642787684E-05
4.09426406633868E-05
4.09368024448561E-05
4.09412714541819E-05
4.09271607584782E-05
4.09334556627324E-05
4.09335244079991E-05
4.09185857284901E-05
4.09311536367365E-05
4.0917822918533E-05
4.09127149638148E-05
4.09199124764206E-05
4.0930632409942E-05
4.09322588321222E-05
4.09329991495E-05
4.09319996984917E-05
4.09381434700342E-05
4.09237385034065E-05
4.09100236851689E-05
4.0926149259224E-05
4.09273193664862E-05
4.09244840488805E-05
4.09249321131225E-05
4.09130725263493E-05
4.09245201121134E-05
4.09363895010307E-05
4.09232057658428E-05
4.09453399134032E-05
4.09311491141837E-05
4.09338384508789E-05
4.09387709208571E-05
4.0954953734314E-05
4.09569709723498E-05
4.09663768148783E-05
4.0948044019445E-05
4.09451977477799E-05
4.09398426768069E-05
4.09351935593695E-05
4.09447439338068E-05
4.09429702052129E-05
4.09238549834045E-05
4.09438911449825E-05
4.09513531174087E-05
4.09512087292759E-05
4.09447715388707E-05
4.0943230242703E-05
4.0945840132867E-05
4.09270518284289E-05
4.09290627792506E-05
4.09221458161756E-05
4.09353828173653E-05
4.09527436170163E-05
4.09484622082092E-05
4.09409970149418E-05
4.09368718843958E-05
4.09116168029542E-05
4.09159921895406E-05
4.09192032598438E-05
4.09369993186353E-05
4.09219050944297E-05
4.09317338905693E-05
4.09332603024204E-05
4.0929627614137E-05
4.09221229725637E-05
4.09386212814059E-05
4.0934462924345E-05
4.09350508859013E-05
4.093092010116E-05
4.09313432115345E-05
4.09225025188919E-05
4.09366301510017E-05
4.0935584433589E-05
4.0931882295125E-05
4.09278355001446E-05
4.09224473214033E-05
4.0923119684976E-05
4.09111522154698E-05
4.09262970639771E-05
4.09206571913281E-05
4.0925118210909E-05
4.09453953338895E-05
4.09427344805146E-05
4.095634227973E-05
4.09524052598824E-05
4.09657486300346E-05
4.09602446103005E-05
4.09389656767573E-05
4.09416867343001E-05
4.09308850176957E-05
4.09246311880528E-05
4.09325963220216E-05
4.09201384251153E-05
4.09140591815301E-05
4.08913608358184E-05
4.09176909797989E-05
4.0904459043063E-05
4.0900303006479E-05
4.09052468205534E-05
4.09299840056837E-05
4.09186234797142E-05
4.09286064785931E-05
4.09379751447341E-05
4.09255782930244E-05
4.09133053127813E-05
4.09228486108457E-05
4.09214508401368E-05
4.08952154111278E-05
4.08923027225576E-05
4.08905452492682E-05
4.08857311999786E-05
4.08733411800982E-05
4.08757737351577E-05
4.08834195445344E-05
4.0886127702462E-05
4.0884594914955E-05
4.09154405527206E-05
4.09028878785954E-05
4.08800128417295E-05
4.08988030964103E-05
4.09019019980513E-05
4.08853669179768E-05
4.08961435588274E-05
4.09078856099772E-05
4.0922595986391E-05
4.09377988403049E-05
4.09405720209564E-05
4.09400405186985E-05
4.09420161935142E-05
4.09552309228874E-05
4.09474059749889E-05
4.09421167416075E-05
4.09482905162331E-05
4.09439668346682E-05
4.09254170341399E-05
4.09262610661064E-05
4.09298467172905E-05
4.09274605476696E-05
4.09455212076789E-05
4.09525744345057E-05
4.0967473181797E-05
4.0955000953064E-05
4.09355596907247E-05
4.09441609749365E-05
4.09319102556767E-05
4.09457779859735E-05
4.09461276300283E-05
4.09515521635811E-05
4.09553397801804E-05
4.09455534373596E-05
4.09694301499359E-05
4.09719889266161E-05
4.09591629718946E-05
4.095224431927E-05
4.09490017746397E-05
4.09453672312702E-05
4.09555585034738E-05
4.09457824172248E-05
4.09375097105311E-05
4.09455118768882E-05
4.09390684958286E-05
4.09463589853164E-05
4.09470375716553E-05
4.09574873986953E-05
4.09607187661192E-05
4.09538664918199E-05
4.09217953286131E-05
4.09213117798452E-05
4.09262784848236E-05
4.09175373290128E-05
4.09207902956362E-05
4.09169349803092E-05
4.09071869213952E-05
4.08996409976874E-05
4.08915544378155E-05
4.0896906186313E-05
4.09125248123607E-05
4.08955398891246E-05
4.09056574362679E-05
4.09098847210201E-05
4.09140570395083E-05
4.09106813557435E-05
4.09251465565789E-05
4.09047593907177E-05
4.0916172686091E-05
4.09212281064121E-05
4.08935478212458E-05
4.09347084081061E-05
4.09348836645162E-05
4.09336289386619E-05
4.09258366780152E-05
4.09195715984769E-05
4.09178986634312E-05
4.09360371311418E-05
4.09407214194631E-05
4.09282708943782E-05
4.0926170877E-05
4.09308521315607E-05
4.09316240461629E-05
4.09412525721564E-05
4.0952751205639E-05
4.09512159580156E-05
4.09313449814846E-05
4.09116022388023E-05
4.09206174847105E-05
4.09275629856907E-05
4.09073410654392E-05
4.09088176425096E-05
4.0925385962148E-05
4.09312622376481E-05
4.09055580660952E-05
4.08997747940194E-05
4.09190778246447E-05
4.09166016600951E-05
4.09368031003354E-05
4.0919723342734E-05
4.09064625520314E-05
4.09213390809197E-05
4.09271259046486E-05
4.09251494504005E-05
4.09239971160711E-05
4.09338263490553E-05
4.09298220500368E-05
4.09477165843081E-05
4.09305607079056E-05
4.0926635468876E-05
4.09300574283941E-05
4.09238253859682E-05
4.09369621336574E-05
4.09091578343189E-05
4.09201728912796E-05
4.09081012274832E-05
4.09027312472231E-05
4.09190403464681E-05
4.09223767939428E-05
4.0906218505855E-05
4.09227293350766E-05
4.09230727853156E-05
4.08962068138706E-05
4.08935906400698E-05
4.09185698814412E-05
4.09337984230346E-05
4.09489217021106E-05
4.09382283293865E-05
4.09276067485935E-05
4.09232430637628E-05
4.09281678758257E-05
4.0917674687806E-05
4.09154449843355E-05
4.09171561941605E-05
4.08944260046704E-05
4.09130266825521E-05
4.09213589715626E-05
4.09284269375685E-05
4.09463091675338E-05
4.09362251880397E-05
4.09368782813933E-05
4.09493068785859E-05
4.0953589823743E-05
4.09469737329837E-05
4.09491330899631E-05
4.0947157938341E-05
4.09394323698061E-05
4.0929125880773E-05
4.09187041191067E-05
4.09211744335441E-05
4.09161412495975E-05
4.09122104186982E-05
4.09131089535266E-05
4.09234725580437E-05
4.09345516831265E-05
4.09199077902381E-05
4.09204171746211E-05
4.09287457783021E-05
4.09345398175676E-05
4.09352096867087E-05
4.09198116459459E-05
4.09245207830071E-05
4.09118442200962E-05
4.09067387898817E-05
4.0917993239454E-05
4.09196867378574E-05
4.09092043865909E-05
4.09151264215088E-05
4.09095746155267E-05
4.09267145838572E-05
4.09461725223194E-05
4.09223039794837E-05
4.09233977446316E-05
4.09274575200126E-05
4.09075999487269E-05
4.09096538580475E-05
4.08985074170726E-05
4.09081804384991E-05
4.09037428469756E-05
4.08986219759359E-05
4.08784534591643E-05
4.08688326420121E-05
4.08870519526203E-05
4.08814835959744E-05
4.09061482065978E-05
4.09220656993041E-05
4.09047360505442E-05
4.09099145827485E-05
4.09216456590531E-05
4.09075625473414E-05
4.09229781439447E-05
4.0914223872973E-05
4.09154268241218E-05
4.08968025908446E-05
4.08855773182697E-05
4.08818902268954E-05
4.0905013356834E-05
4.09040085506436E-05
4.09125006183779E-05
4.09234120857697E-05
4.09217395069667E-05
4.0922863811591E-05
4.08995956453124E-05
4.09000418918973E-05
4.09028642929347E-05
4.09067444943049E-05
4.08953951489802E-05
4.09095524296929E-05
4.09084499834696E-05
4.08921864588935E-05
4.08878631720409E-05
4.08774367825362E-05
4.08890601343768E-05
4.08960514667679E-05
4.08985422426862E-05
4.08821998324078E-05
4.08636276711321E-05
4.08838294406562E-05
4.0893231943074E-05
4.08970924270832E-05
4.091481175402E-05
4.0892801904128E-05
4.08966495955251E-05
4.09010723603068E-05
4.09206311324127E-05
4.09144111477711E-05
4.0912244216577E-05
4.09108873054984E-05
4.09075662406389E-05
4.09024355777413E-05
4.08973707568832E-05
4.08774066712866E-05
4.09237778177177E-05
4.09187514618697E-05
4.09284349952244E-05
4.0924293160127E-05
4.0922108517696E-05
4.09156765606419E-05
4.09293057172354E-05
4.0933239209203E-05
4.09294470748537E-05
4.0931671595769E-05
4.09210687953681E-05
4.09233063848189E-05
4.09219606220173E-05
4.09320054493212E-05
4.09278851574819E-05
4.09064911575523E-05
4.09044451622687E-05
4.08992068723823E-05
4.08996669773132E-05
4.08884963116712E-05
4.08800859926495E-05
4.08714241318941E-05
4.08846402099335E-05
4.0865553051784E-05
4.0889810444816E-05
4.08744156002791E-05
4.08687919667617E-05
4.08208959728401E-05
4.08355500519915E-05
4.08264938208093E-05
4.0858123926198E-05
4.08780682097982E-05
4.08788816575503E-05
4.0880147009462E-05
4.0887143538934E-05
4.09076375651512E-05
4.09011070811266E-05
4.09088303177881E-05
4.08902762516663E-05
4.08981214086635E-05
4.09134755205017E-05
4.09053519968507E-05
4.08916905621877E-05
4.09023096107935E-05
4.08978977832796E-05
4.08949967360293E-05
4.09063914829468E-05
4.09073334659605E-05
4.08805714685415E-05
4.10737419586274E-05
4.10659658753672E-05
4.10872307627765E-05
4.10849201394214E-05
4.10960561259272E-05
4.10638728724668E-05
4.10697624740228E-05
4.10728226895392E-05
4.10914273931051E-05
4.11040201553893E-05
4.10983609081508E-05
4.11032633234361E-05
4.10922067270127E-05
4.10948728515437E-05
4.10916404180672E-05
4.10869746123992E-05
4.10990194056491E-05
4.10986049190533E-05
4.11093896294833E-05
4.11043121290443E-05
4.11212083145715E-05
4.11203635878388E-05
4.113659144309E-05
4.11151803082806E-05
4.11050260981676E-05
4.11265893697631E-05
4.11248430113028E-05
4.11130350487666E-05
4.11205378244124E-05
4.1111472320142E-05
4.11227939294558E-05
4.11122532843932E-05
4.10800269528493E-05
4.10687564776271E-05
4.10752935203788E-05
4.10610275870101E-05
4.10667838603752E-05
4.10887062295739E-05
4.11106717473537E-05
4.10854159681459E-05
4.11067635345069E-05
4.11015020572083E-05
4.11052737833651E-05
4.11023090621789E-05
4.11013885899426E-05
4.10668214184104E-05
4.10867838824551E-05
4.11032189793349E-05
4.10896793110411E-05
4.10675601035861E-05
4.10921816016166E-05
4.1078039041906E-05
4.10956407996387E-05
4.10974104177409E-05
4.11136112301853E-05
4.11129166020525E-05
4.11013864981423E-05
4.11159705869372E-05
4.11120646444246E-05
4.11116092592985E-05
4.1111507227705E-05
4.10930876856827E-05
4.11003309424487E-05
4.10961605759236E-05
4.10972782102292E-05
4.11172593725914E-05
4.11297111676133E-05
4.11172016296888E-05
4.11133403663259E-05
4.11197277020908E-05
4.11079329695939E-05
4.11189661708916E-05
4.11068929071684E-05
4.11150343791265E-05
4.1115647345644E-05
4.11192689584232E-05
4.11190012713225E-05
4.11167079554309E-05
4.11060906089458E-05
4.10807182865279E-05
4.10938733783635E-05
4.11012819713575E-05
4.11068002092923E-05
4.11222336486549E-05
4.11047134639069E-05
4.10998068338003E-05
4.11030692940432E-05
4.11037174636404E-05
4.10973299409716E-05
4.1107032529983E-05
4.10978185961267E-05
4.11113051148162E-05
4.11101353988979E-05
4.11132986638828E-05
4.11168477300104E-05
4.11065759214101E-05
4.10887468166919E-05
4.10776964024578E-05
4.1083031704973E-05
4.10844570631854E-05
4.1079336390876E-05
4.10966793134477E-05
4.10913507204342E-05
4.10996595345764E-05
4.11134336939043E-05
4.11171858322875E-05
4.11171891099735E-05
4.1119707693965E-05
4.11063808585809E-05
4.10955834290361E-05
4.1102799912895E-05
4.11077004475575E-05
4.10880900176849E-05
4.10869742399167E-05
4.10976836969877E-05
4.11067846263723E-05
4.11214794433686E-05
4.11150687741497E-05
4.11035900091089E-05
4.18304077653893E-05
4.17914791662409E-05
4.18028533877837E-05
4.17833775352797E-05
4.17944369144107E-05
4.18085621861072E-05
4.18368445003809E-05
4.18430201619867E-05
4.18502688304179E-05
4.18189832976383E-05
4.18061305401439E-05
4.18305094163097E-05
4.18404726583115E-05
4.18909583990682E-05
4.18903275513981E-05
