2.04053478620936E-05
2.15068426507395E-05
2.32853063369466E-05
2.43225482951038E-05
2.50297364281578E-05
2.5368910429717E-05
2.56576200215943E-05
2.60019978500459E-05
2.62478656373165E-05
2.63934792262471E-05
2.65076828906514E-05
2.66786648264571E-05
2.68082309925031E-05
2.69240388819842E-05
2.69610857776818E-05
2.69746236011575E-05
2.70644758906049E-05
2.71354482432884E-05
2.71700479972774E-05
2.72619624278525E-05
2.73010971996605E-05
2.73160359877594E-05
2.72948032617593E-05
2.73468114321059E-05
2.73879552262969E-05
2.74400075725038E-05
2.75400090923318E-05
2.75872758948804E-05
2.76328717605596E-05
2.76604140549183E-05
2.76771739596813E-05
2.76804853388956E-05
2.7696886919015E-05
2.77069687899058E-05
2.7734142234778E-05
2.77485763857432E-05
2.80379938106481E-05
2.80406036919432E-05
2.80454097659819E-05
2.80664750500443E-05
2.80889683733938E-05
2.80925556351264E-05
2.81027558359209E-05
2.81133322640068E-05
2.81297949365649E-05
2.81304912116832E-05
2.81417337281518E-05
2.81588003944081E-05
2.81638590128033E-05
2.81682926053363E-05
2.81747610814757E-05
2.81795905500942E-05
2.81770852892488E-05
2.81756695960594E-05
2.81710301600035E-05
2.81765186677068E-05
2.81720306716747E-05
2.81612079674259E-05
