3.09342551786772E-05
2.53471718428429E-05
1.16722025695252E-05
2.25615834829054E-05
2.00580781026734E-05
3.67612374370028E-05
3.69469660129379E-05
4.08815888880825E-05
4.11114581994179E-05
4.26897023666596E-05
4.27467674622438E-05
4.03197648423159E-05
4.04299636940061E-05
4.06037654187493E-05
4.06440729925232E-05
4.06879475228359E-05
4.08315361058535E-05
4.07235738269442E-05
4.45557300681905E-05
4.45855066948704E-05
4.66970251942668E-05
4.65869480226246E-05
4.66267265446438E-05
4.83174114192452E-05
4.8358833442659E-05
4.83529738708097E-05
4.81038364893793E-05
4.8119198721674E-05
4.81546557435014E-05
4.82211819673771E-05
4.89291446286318E-05
4.89692093353514E-05
4.8940700879399E-05
4.89967273042538E-05
4.90353620704028E-05
4.90635085805922E-05
4.92791465878974E-05
4.93402411986435E-05
4.94211103202625E-05
4.90432012866162E-05
4.90489900191671E-05
4.89429561173492E-05
4.89785360034819E-05
4.89672977055242E-05
4.91493316670534E-05
4.91340146751749E-05
4.90624524505152E-05
4.90699945267308E-05
4.90667492543572E-05
4.90828422043871E-05
4.90891544953325E-05
4.9093965511148E-05
4.91129165159862E-05
4.91190417632635E-05
4.91300546302939E-05
4.91248457433115E-05
4.92074284696281E-05
4.92175745055536E-05
4.92232124747426E-05
4.93574438775365E-05
4.93693018958727E-05
4.93735890605816E-05
4.93652993910633E-05
4.93590347085252E-05
4.93453803426818E-05
4.93421435023363E-05
4.93440359814498E-05
4.93533380344042E-05
4.93476982243506E-05
4.93548218038204E-05
4.93394931049665E-05
