2.26875003383321E-05
2.28516407792059E-05
2.28261424277662E-05
2.24462909351198E-05
2.03214942801371E-05
1.35528850504167E-05
1.48994180372963E-05
1.49917453783195E-05
1.49263065397393E-05
1.50018590592584E-05
1.49598220418992E-05
1.14627978243502E-05
1.17949328222208E-05
1.56030596160451E-05
1.47958584146327E-05
1.45824976002722E-05
1.46465680449369E-05
1.47332312703022E-05
1.49510341036298E-05
1.50722273779416E-05
1.50201360253459E-05
1.48180594903027E-05
1.53005415117471E-05
1.52303790745009E-05
1.49967480730941E-05
1.51137831360441E-05
1.58593055143902E-05
1.58368429192467E-05
1.58860915668422E-05
1.58860915668422E-05
1.58860915668422E-05
1.61048559511833E-05
1.58556023729408E-05
1.58862227235039E-05
1.59042028359858E-05
1.59509893837504E-05
1.59949859713116E-05
1.57667405180534E-05
1.57762156512414E-05
1.58470782350227E-05
1.59308856545144E-05
1.63232504854561E-05
1.64554818849901E-05
1.59108391223265E-05
1.70934246119222E-05
1.70376682571921E-05
1.71809861146659E-05
1.71809861146659E-05
1.57569152409634E-05
1.57965910387548E-05
1.57567058778753E-05
1.57658910294589E-05
1.6244116139474E-05
1.6265105143417E-05
1.58561357408522E-05
1.51207611620786E-05
1.62157789449352E-05
1.62127952458677E-05
1.62054609457232E-05
1.63060649087565E-05
1.58991569457553E-05
1.62629938786862E-05
1.66320450354358E-05
1.6667790852879E-05
1.61876756238903E-05
1.63802609839503E-05
1.63753203242671E-05
1.62279172358481E-05
1.62588958584477E-05
1.64512192262087E-05
1.63767114254144E-05
1.63570304846684E-05
1.61034788392681E-05
1.59614009142021E-05
1.59614009142021E-05
1.58559359202115E-05
1.6215266588668E-05
1.64095715887934E-05
1.65491062927383E-05
1.71469018673453E-05
1.71019194792064E-05
1.71019200577074E-05
1.72983215726636E-05
1.72910845919035E-05
1.73813429586949E-05
1.75750776850003E-05
1.73341511846229E-05
1.71338193794847E-05
1.70571832572151E-05
1.72275134030191E-05
1.74030486296943E-05
1.7206318175474E-05
1.7147763696803E-05
1.72625293917562E-05
1.72559360206727E-05
1.71359073178061E-05
1.72615859538536E-05
1.70036356505023E-05
1.75614391044095E-05
1.75176547627866E-05
1.71418185929016E-05
1.83643649328515E-05
1.86942866098263E-05
1.7890684799569E-05
1.76463183255834E-05
1.7716986633129E-05
1.70934694696278E-05
1.7422425300819E-05
1.74189315954334E-05
1.74580667656777E-05
1.74675982765645E-05
1.74675982765645E-05
1.75191817832351E-05
1.73039399009031E-05
1.73531165053205E-05
1.70375332629533E-05
1.7207015598744E-05
1.78486468784455E-05
1.76199840976793E-05
1.72897874734222E-05
1.75470719603736E-05
1.81695898099709E-05
1.78895274944108E-05
1.78895274944107E-05
1.79458388443763E-05
1.77067383389316E-05
1.73721491069318E-05
1.69090017525951E-05
1.84146360398154E-05
1.77512369553544E-05
1.77813643543777E-05
1.78396069354724E-05
1.77113288492394E-05
1.77031783796588E-05
1.82602792154243E-05
1.83013722831694E-05
1.81112011661946E-05
1.82348403135628E-05
1.84002023763296E-05
1.84991972088155E-05
1.82651431252395E-05
1.84594162827784E-05
1.83810371547921E-05
1.83810371547921E-05
1.83486381266606E-05
1.84391628120493E-05
1.88997039433118E-05
1.87770710757726E-05
1.88150202958245E-05
1.87925792354338E-05
1.86977571362791E-05
1.87665479710733E-05
1.87707065017919E-05
1.88993429212481E-05
1.87776377637524E-05
1.87584689431942E-05
1.87890813240271E-05
1.86625995152431E-05
1.86087678186914E-05
1.88812231528241E-05
1.84326361708877E-05
1.84679730307354E-05
1.87331862925899E-05
1.85107236089142E-05
1.88039074055188E-05
1.85714504830327E-05
1.85714504830327E-05
1.85358564372089E-05
1.88393020551357E-05
1.86463700384496E-05
1.88988475281742E-05
1.87987948605976E-05
1.85828538428596E-05
1.86174982772818E-05
1.8556510639468E-05
1.87880518834478E-05
1.92443163668427E-05
1.919527170408E-05
1.94755059297393E-05
1.96298717915276E-05
1.93837931936325E-05
1.94712848491872E-05
1.95015655417553E-05
1.94780846496988E-05
1.93676376940198E-05
1.94376527315172E-05
1.93162224326933E-05
1.90740908307916E-05
1.8965994575384E-05
1.88705628579353E-05
1.93885567042011E-05
1.9180946316635E-05
1.91387207113811E-05
1.91018147649873E-05
1.85895742646604E-05
1.89967986279349E-05
1.879549624097E-05
1.83363052036419E-05
