2.34924971848908E-05
2.40086860189573E-05
2.47903988768422E-05
2.51308630053824E-05
2.54846163570658E-05
2.5674465974772E-05
2.59964412539475E-05
2.61491941614202E-05
2.60644499799352E-05
2.62940349106576E-05
2.65255657693556E-05
2.65973291314116E-05
2.68385441511E-05
2.6911756381388E-05
2.70467201284889E-05
2.7156713257081E-05
2.72780629838055E-05
2.73466224666321E-05
2.74300005543035E-05
2.74705027513419E-05
2.75335867657528E-05
2.75621855811242E-05
2.75739231508997E-05
2.75752838381143E-05
2.7450531640447E-05
2.75042984924945E-05
2.75469086615095E-05
2.75603736397442E-05
2.75583654698485E-05
2.75863869418288E-05
2.74523491460367E-05
2.74581040520743E-05
2.74716440093023E-05
2.74762278343623E-05
2.74798619263083E-05
2.74941349751209E-05
2.7503038065029E-05
2.75113674917787E-05
2.75223611574263E-05
2.75218868748389E-05
2.75330138084682E-05
2.75394802308262E-05
2.75579775961051E-05
2.75662856334646E-05
2.75672425575342E-05
2.75605036691408E-05
2.75643949177859E-05
2.75608552933079E-05
2.75969940345985E-05
2.75989822287108E-05
2.76250894595531E-05
2.76117484822971E-05
2.76212999718546E-05
2.76410291410943E-05
2.76413537938087E-05
2.76348133104462E-05
2.76421353872516E-05
2.76415000273502E-05
2.76517241366819E-05
2.76583236832901E-05
2.7668324464183E-05
2.76716598987838E-05
2.76713531475364E-05
2.76953800889063E-05
2.7692755075717E-05
2.76899345305396E-05
2.76818710933397E-05
2.76791938321754E-05
2.77002794344008E-05
2.77178561174213E-05
2.77146674702728E-05
2.76492528772336E-05
2.76583956272881E-05
2.7652245044166E-05
2.76562722907975E-05
2.7660633130753E-05
2.76815119125407E-05
2.76706281274204E-05
2.76750416510898E-05
2.76757262334795E-05
2.76723722003636E-05
2.7665343713258E-05
2.76613000986448E-05
2.76565038792807E-05
2.76572369582277E-05
2.76472941193289E-05
2.76516656222715E-05
2.76746509889789E-05
2.76681346800674E-05
2.7662023189713E-05
2.76722305904746E-05
2.76797879070235E-05
2.76755029134809E-05
2.76781101145242E-05
2.76684673032871E-05
2.76651812083452E-05
2.76772071844078E-05
2.76796179221913E-05
2.76634242234224E-05
2.76644650863099E-05
2.76645769478716E-05
2.76694020350957E-05
2.76684045070126E-05
2.7690035527499E-05
2.76876662993201E-05
2.76962513622858E-05
2.76886805439142E-05
2.76980200899173E-05
2.76771661977892E-05
2.76964020829E-05
2.77025606186231E-05
2.77024241106095E-05
2.76957232047263E-05
2.76853653346844E-05
2.76962580449563E-05
2.76927359674634E-05
2.76903574464112E-05
2.76850723602395E-05
2.7687908296722E-05
2.76918150945583E-05
2.76929223300649E-05
2.76900795359955E-05
2.77001631966259E-05
2.7703893129439E-05
2.77005969085338E-05
2.77063133074153E-05
2.7710658366068E-05
2.77020503516504E-05
2.77037753825125E-05
2.77029475856007E-05
2.77098970991716E-05
2.77079311182674E-05
2.77027268929225E-05
2.77045959097052E-05
2.76994337564493E-05
2.77096109476041E-05
2.77032238045846E-05
2.77092915170799E-05
2.77052234228804E-05
2.77163246556432E-05
2.77252349076394E-05
2.77217732169133E-05
2.77237696545212E-05
2.77156556242713E-05
2.77151042886444E-05
2.77097804198934E-05
2.77082735530709E-05
2.77055584643021E-05
2.77103579633907E-05
2.7696442965742E-05
2.76959627987107E-05
2.76920984784914E-05
2.76877958856152E-05
2.76951383883161E-05
2.77154418496465E-05
2.7713371369367E-05
2.77109694012209E-05
2.7706969800208E-05
2.77083595099156E-05
2.77178459534843E-05
2.77267603154667E-05
2.77272647963679E-05
2.77263321163634E-05
2.7730360326878E-05
2.77312413695546E-05
2.77254137666196E-05
2.77347380738234E-05
2.77310080698161E-05
2.77268271180734E-05
2.77256356471535E-05
2.7722734025453E-05
2.77122109943221E-05
2.77116866849147E-05
2.77111735182716E-05
2.76989392161794E-05
2.77026248160832E-05
2.77057758095246E-05
2.77106927085162E-05
2.77066451246775E-05
2.77037242054028E-05
2.76963960132616E-05
2.76961103088895E-05
2.77002200305974E-05
2.77116257887457E-05
2.77190916158926E-05
2.7721108940192E-05
2.7730812449083E-05
2.77348435501302E-05
2.7732940494223E-05
2.77460812617101E-05
2.77455242075543E-05
2.77363279145193E-05
2.77402619028503E-05
2.77393304168398E-05
2.77446514519515E-05
2.77452916300237E-05
2.77499354724867E-05
2.77382263937582E-05
2.77356264950188E-05
2.7740976035502E-05
2.77307918787928E-05
2.77270583673063E-05
2.77305850125097E-05
2.77340927962974E-05
2.77355840628189E-05
2.77377261287883E-05
2.7746562169806E-05
2.77462083541134E-05
2.77520269435497E-05
2.77470446823483E-05
2.774471700099E-05
2.77443758693524E-05
2.77569002309837E-05
2.77552659686889E-05
2.77472811169036E-05
2.77448597331798E-05
2.77470397209486E-05
2.77425770558461E-05
2.77295642286846E-05
2.77375398297502E-05
2.77406641755788E-05
2.77418534166903E-05
2.77430186857493E-05
2.7744529852476E-05
2.7739295204761E-05
2.7748210363895E-05
2.77400394936344E-05
2.7738242875211E-05
2.77512792904483E-05
2.77598124328073E-05
2.77513840889825E-05
2.77529244157001E-05
2.77484356583078E-05
2.77532041189603E-05
2.77568266586729E-05
2.77653132030445E-05
2.77602011636899E-05
2.77570529373367E-05
2.77529067963069E-05
2.77619651478805E-05
2.77702012999104E-05
2.77743624681025E-05
2.77798034787328E-05
2.77752456595902E-05
2.77708996676213E-05
2.77712903693169E-05
2.77497634826667E-05
2.7759791434282E-05
2.77624589780982E-05
2.77645769512687E-05
2.7760075757225E-05
2.77605603116109E-05
2.77432304604927E-05
2.77406607708777E-05
2.77418477516192E-05
2.77348366155966E-05
2.77360135493777E-05
2.77335257190289E-05
2.77279274311029E-05
2.7722961744371E-05
2.77223074167013E-05
2.77217590044558E-05
2.77322849695709E-05
2.77375532635409E-05
2.77393953969496E-05
2.77384043294393E-05
2.7730570604501E-05
2.77400993037028E-05
2.77512702725103E-05
2.77322412569869E-05
2.77443816271303E-05
2.77441208576618E-05
2.77253016291467E-05
2.77220601079513E-05
2.77325933056782E-05
2.77309787732573E-05
2.77213455801472E-05
2.77312171891481E-05
2.77292081898033E-05
2.77268066587707E-05
2.7724445349034E-05
2.7738883490377E-05
2.77303129380384E-05
2.77342975854794E-05
2.77386014365431E-05
2.77686871791667E-05
2.77679854404404E-05
2.77522492359941E-05
2.77507920544962E-05
2.77516619630431E-05
2.77521948521826E-05
2.77520957771372E-05
2.77354605497503E-05
2.77380673435029E-05
2.77499775361905E-05
2.77447534404338E-05
2.77585036920372E-05
2.77637375542181E-05
2.77617157711549E-05
2.77642298679252E-05
2.77651823354703E-05
2.77648736633734E-05
2.77720816801282E-05
2.77725994559395E-05
2.77745875900217E-05
2.77733006551199E-05
2.77640663635307E-05
2.77713197441418E-05
2.77666983312919E-05
2.77644743189193E-05
2.77795058379712E-05
2.77717090587639E-05
2.77930322337649E-05
2.77981073021389E-05
2.77985414171829E-05
2.77992647802289E-05
2.78013985557202E-05
2.77965754272723E-05
2.78004291026475E-05
2.7801515979542E-05
2.77920850422828E-05
2.77972262513169E-05
2.77915918818107E-05
2.77947911725487E-05
2.78005052960537E-05
2.78016980998096E-05
2.78034539800311E-05
2.78072343941943E-05
2.78071762046201E-05
2.78008626152062E-05
2.78085897813389E-05
2.78013819715154E-05
2.7802260752229E-05
2.7801696702645E-05
2.77895954638917E-05
2.77964692759529E-05
2.77917634784395E-05
2.77915711316953E-05
2.77991625110257E-05
2.77968094762062E-05
2.78088095670147E-05
2.78108208516148E-05
2.78133502412653E-05
2.7813309028126E-05
2.7812108772703E-05
2.78154318261054E-05
2.78121526265098E-05
2.78185913374138E-05
2.78172337960782E-05
2.78140040287072E-05
2.78105732962072E-05
2.78126662768814E-05
2.78135573439186E-05
2.78074550279653E-05
2.7812984409427E-05
2.78098627629678E-05
2.78067037656359E-05
2.78102431795676E-05
2.78081519553072E-05
2.78059871771907E-05
2.7809349395379E-05
2.78127554824676E-05
2.78087375167584E-05
2.7807569903427E-05
2.78147432844485E-05
2.78100775439706E-05
2.78077777177115E-05
2.78061464310967E-05
2.77997987698673E-05
2.78037213065041E-05
2.78028821716228E-05
2.77810137326212E-05
2.77762745360441E-05
2.77838001025937E-05
2.77871968948179E-05
2.78021844731425E-05
2.78035721843077E-05
2.78096617249319E-05
2.78151708398563E-05
2.78040280748755E-05
2.78021872714162E-05
2.77981209918461E-05
2.7804194810665E-05
2.7799319368863E-05
2.78010047096577E-05
2.77964966079644E-05
2.77905823609889E-05
2.77901130729469E-05
2.77937656403335E-05
2.7782807512934E-05
2.77785857914911E-05
2.77780894010661E-05
2.77822845550498E-05
2.77843804344293E-05
2.77846917689055E-05
2.77989577014655E-05
2.78013590643875E-05
2.78053642563601E-05
2.78004656539775E-05
2.77903847288755E-05
2.77801490225667E-05
2.77718835313374E-05
2.77677630905982E-05
2.77680485081839E-05
2.77710658621597E-05
2.77597183027965E-05
2.77569953490449E-05
2.77676668705746E-05
2.77578734614726E-05
2.77592263536409E-05
2.77634773158125E-05
2.77687977300793E-05
2.77754965648948E-05
2.77744557720276E-05
2.77821355140994E-05
2.77800078785747E-05
2.77721309574756E-05
2.77666254760374E-05
2.77618156571815E-05
2.77625711285822E-05
2.77766565312357E-05
2.77648704161451E-05
2.77764395766256E-05
2.77783799579294E-05
2.77832679929122E-05
2.77799706514206E-05
2.77732790573316E-05
2.77178602105043E-05
2.77249570448624E-05
2.76883896214551E-05
2.76857470555081E-05
2.76807079928657E-05
2.76841867074728E-05
2.76815033968811E-05
2.76913678682413E-05
2.7689975504136E-05
2.76904885561241E-05
2.76907217017556E-05
2.7697969415898E-05
2.77027560355554E-05
2.7700336091221E-05
2.76980001120444E-05
2.76992993467016E-05
2.76926251596517E-05
2.769338728215E-05
2.76886076943258E-05
2.76829869629973E-05
2.76814634150974E-05
2.76843121184987E-05
2.76819775679293E-05
2.76670845488971E-05
2.766155309646E-05
2.76644361194307E-05
2.76564921080414E-05
2.76562483773525E-05
2.76584300121843E-05
2.76566576510343E-05
2.76829769545354E-05
2.76916395699499E-05
2.76943296614514E-05
2.76797993910995E-05
2.76906667776054E-05
2.76892725055965E-05
2.76803242278948E-05
2.76880614156906E-05
2.768803469625E-05
2.76924978351638E-05
2.76821570551502E-05
2.76767169038786E-05
2.76741115158804E-05
2.7678698590396E-05
2.76742062567953E-05
2.76752391692024E-05
2.76847617010267E-05
2.76744083411765E-05
2.76819959794261E-05
2.76903545314745E-05
2.76933363399717E-05
2.76935493119123E-05
2.76953354642992E-05
2.76927393148577E-05
2.76883939549644E-05
2.76822868015238E-05
2.76687391194173E-05
2.76529211065632E-05
2.76711770091511E-05
2.76724880588234E-05
2.76686833319855E-05
2.76687962134001E-05
2.76653942992728E-05
2.76657164076952E-05
2.76717016702463E-05
2.76655261113184E-05
2.76698735634495E-05
2.76829405327477E-05
2.76607869903805E-05
2.76668773857214E-05
2.76659040781049E-05
