2.10334978103519E-05
3.10488428927413E-05
4.12569819750326E-05
4.61211933075583E-05
2.28904840313382E-05
2.43260528734399E-05
2.79375480836799E-05
2.79298925217999E-05
2.58325132283316E-05
2.65010517565461E-05
2.28079316008618E-05
2.3153305245602E-05
2.35707901669671E-05
4.18972442528087E-05
4.23617784553228E-05
4.26824342235801E-05
4.28491032044936E-05
4.27120613503307E-05
4.29098325010474E-05
4.35682222667168E-05
4.41893996444384E-05
4.41921879111953E-05
4.42359758959119E-05
4.39815080693239E-05
4.40436928773177E-05
4.3839235500311E-05
4.3655829314013E-05
4.35389987382543E-05
4.37147478525787E-05
4.40485271112039E-05
4.40980372483259E-05
4.55195102621436E-05
4.54059024773296E-05
4.56016719638659E-05
4.63196471744528E-05
4.6258434540216E-05
4.6001805871688E-05
4.50355342844296E-05
4.52462442071409E-05
4.53170432051327E-05
4.50894477049887E-05
4.47803706765271E-05
4.55793396755567E-05
4.6046533384388E-05
4.57484121585892E-05
4.57891563533332E-05
4.56031388613788E-05
4.53542341608191E-05
4.60388402335221E-05
4.6089696930767E-05
4.59071173151566E-05
4.63938472870604E-05
4.57893544305561E-05
4.59485979546787E-05
4.54122377694899E-05
4.65913411821679E-05
3.68084150445696E-05
3.69395288560695E-05
3.79457235219159E-05
3.7832846381432E-05
3.83937325536974E-05
3.85111642302264E-05
3.86213729293328E-05
3.83353754669077E-05
3.79358822723377E-05
3.79162716617877E-05
3.86821620659427E-05
3.86821620659427E-05
3.8831085760255E-05
3.88253443309144E-05
3.91133720554424E-05
3.86854264966504E-05
3.81652099641961E-05
3.81883719573794E-05
3.76600621835434E-05
3.76209921727407E-05
3.75386747155868E-05
3.72388840839726E-05
3.82415209361992E-05
3.82594988528349E-05
3.70201687070545E-05
3.85444023046189E-05
3.85770289533424E-05
3.92412654853297E-05
3.88111467341685E-05
3.87724051323075E-05
3.79861190607645E-05
3.83343429331103E-05
3.83343429331217E-05
3.83045836642013E-05
3.7551155388213E-05
3.70914101097731E-05
3.76236084997795E-05
3.75024235073189E-05
3.77848870460301E-05
3.94070062667159E-05
3.91997909034092E-05
3.91466609890666E-05
3.8988262943935E-05
3.90843307413737E-05
3.80725389568E-05
3.86428767169868E-05
3.84977425715188E-05
3.80866453065445E-05
3.82813151453669E-05
3.7252463593256E-05
3.73805848342382E-05
3.75378683118738E-05
3.76759779336879E-05
3.74069860135772E-05
3.64558621600362E-05
3.81227349305939E-05
4.02154624610132E-05
3.97302061628521E-05
4.00527599080821E-05
3.98706590519999E-05
4.0649938056708E-05
4.06636896836709E-05
3.75203608517992E-05
3.91976029256177E-05
3.9210630871722E-05
3.85239066715453E-05
3.82235496152854E-05
3.75086322498913E-05
3.7766323031199E-05
3.80824521050885E-05
3.90264585603325E-05
3.84302982089623E-05
3.81580905623274E-05
3.83713999394169E-05
3.69684946792022E-05
3.67731903611067E-05
3.72616058048983E-05
3.71878332817669E-05
3.70299110892334E-05
3.69659909215755E-05
3.70116740950387E-05
3.70346662310013E-05
3.72714400191889E-05
3.68231591991317E-05
3.71750950986123E-05
3.69938023020789E-05
3.69731819755266E-05
3.70007753733532E-05
3.69354300781937E-05
3.7450139879051E-05
3.79347934542374E-05
3.78711582652302E-05
3.7989559756168E-05
3.81882177936328E-05
3.85114119799713E-05
3.56310539539947E-05
3.62128308282028E-05
3.61045489180147E-05
3.5267727728801E-05
3.59492290181111E-05
3.59492290181111E-05
3.59994593230126E-05
3.60140790112856E-05
3.60140790112856E-05
3.66127742583027E-05
3.62051119809389E-05
3.68323591044282E-05
3.65510486079975E-05
3.65244308661086E-05
3.60774896581054E-05
3.58872559166436E-05
3.61111983571786E-05
3.6958853205935E-05
3.70515487299288E-05
3.68541654780578E-05
3.61199968489421E-05
3.67991010678342E-05
3.69129724085933E-05
3.85232623748397E-05
3.85212290288535E-05
3.82559396793196E-05
3.84013097339516E-05
3.79771989788463E-05
3.93732425892939E-05
3.92175404398836E-05
3.92017483906784E-05
3.91220788590016E-05
3.97115475822048E-05
4.05288214300453E-05
4.04866282678748E-05
4.06441264665179E-05
4.0347833211682E-05
4.02741356677838E-05
4.00824824658399E-05
3.99392716067511E-05
4.01711321581155E-05
4.02365412036038E-05
4.05098447361639E-05
4.02944666767514E-05
4.06407985226948E-05
4.06407985226948E-05
4.0778895093439E-05
