4.54939061457688E-05
4.61381074303728E-05
5.26528313896866E-05
5.32074138977029E-05
5.38717785114981E-05
4.14274784292595E-05
4.66343381451121E-05
4.72198209757497E-05
4.90931860116902E-05
4.97978046631212E-05
4.75755386334549E-05
4.77872945453784E-05
4.78725519880287E-05
4.82464038498233E-05
4.83538362483442E-05
5.22351751220061E-05
5.23070824376954E-05
4.50829133014799E-05
4.52291716213686E-05
4.53358459577685E-05
4.53559399214784E-05
4.53862907361614E-05
4.52163305702471E-05
4.54001031645571E-05
4.55089873001145E-05
4.57587942727313E-05
4.54232962229882E-05
4.54826389142234E-05
4.54435126842432E-05
4.56033212900578E-05
4.57483892288717E-05
3.87966291420419E-05
3.88636520093181E-05
3.88259278077823E-05
3.88551468228693E-05
3.88313901909317E-05
3.88843122390665E-05
3.88642573767941E-05
3.88452475001564E-05
3.89080336765766E-05
3.89143468581136E-05
3.89276421580345E-05
3.89285713873639E-05
3.89213384027693E-05
3.89702189975122E-05
3.89741759460393E-05
3.89692015252294E-05
4.16823569660073E-05
4.1575510062892E-05
4.15820564481469E-05
4.16000070466746E-05
4.16147401556064E-05
4.16385178741527E-05
4.05294947645228E-05
4.06346292907416E-05
4.06387647610365E-05
4.06276158857572E-05
4.0633499136138E-05
4.06246066330215E-05
4.06435604906438E-05
4.06771229409796E-05
4.07020966907178E-05
4.070224073586E-05
4.07279800491696E-05
4.07303625306806E-05
4.0724456188398E-05
4.0726319107002E-05
4.07219577169902E-05
4.07334786016979E-05
4.07342241323294E-05
4.07948905110406E-05
4.08164754782142E-05
4.08697773152119E-05
4.08619016982444E-05
4.08408973756692E-05
4.08385893492637E-05
4.08412835938497E-05
4.08329004620153E-05
4.08392016022006E-05
4.08380858881768E-05
4.08269961972069E-05
4.08174482262165E-05
4.08336970908944E-05
4.08230901791269E-05
4.08214321757354E-05
4.08078039916951E-05
4.02945981951476E-05
4.0315514506717E-05
4.03182931728105E-05
4.03135134329636E-05
4.03325989540237E-05
4.03370090953502E-05
4.03385363969075E-05
4.03420958288001E-05
4.03249514931608E-05
4.03291071690755E-05
4.03252975474784E-05
4.03323961782425E-05
4.03345297883196E-05
4.03244433440652E-05
4.03239554557814E-05
4.03491631750192E-05
4.03621022412285E-05
4.03724691099112E-05
4.03797163716625E-05
4.03803191145973E-05
4.03876243386079E-05
4.0382878467113E-05
4.04044886295854E-05
4.03905691174475E-05
4.03752757012087E-05
4.03772005496276E-05
4.03734274607879E-05
4.03884947427071E-05
4.0277471063822E-05
4.0279664506501E-05
4.03034180581835E-05
4.03272591942328E-05
4.03363314862871E-05
4.03572777467574E-05
4.03509915663687E-05
4.03545188980919E-05
4.03440457335908E-05
4.03462198395126E-05
4.03468853897121E-05
4.03583915242647E-05
4.03367455878875E-05
4.03354585227677E-05
4.03267546626219E-05
4.03154364256819E-05
4.03429712598701E-05
4.03409478294746E-05
4.03356039042857E-05
4.03256680360029E-05
4.03352975443474E-05
4.0326219409991E-05
4.03423956399864E-05
4.03421163850811E-05
4.03397236901225E-05
4.03429275077696E-05
4.03384407177941E-05
4.03401779297712E-05
4.03544789055007E-05
4.03494728569512E-05
4.03388381770541E-05
4.03376961049515E-05
4.03362174112729E-05
4.03341634495833E-05
4.0345222877918E-05
4.03528817684649E-05
4.03459769770865E-05
4.03237296405989E-05
4.03247818874073E-05
4.03365616317147E-05
4.0347079367328E-05
4.0343636976117E-05
4.03454122317759E-05
4.03600900728452E-05
4.03562329305132E-05
4.0343947769978E-05
4.03356768882865E-05
4.03190911838037E-05
4.03096941426421E-05
4.0315922244119E-05
4.03249208061247E-05
4.03297597042141E-05
4.03190751414823E-05
4.03112292142836E-05
4.03093904946614E-05
4.02927009852322E-05
4.03043371666057E-05
4.03184962248679E-05
4.0394464701515E-05
4.0385935166265E-05
4.03848172020973E-05
4.0388691580346E-05
4.04010180803988E-05
4.04142269434986E-05
4.04300312262216E-05
4.04476070938705E-05
4.04484792963475E-05
4.0459524074429E-05
4.04541320815609E-05
4.04642806299349E-05
4.04622439786654E-05
4.04491153115366E-05
4.04237926004252E-05
4.04328407235313E-05
4.04491781190554E-05
4.04401801645005E-05
4.04466072955148E-05
4.04403958200204E-05
4.04460268418472E-05
4.04592812310146E-05
4.04606845168591E-05
4.04691740927963E-05
4.04583508290478E-05
4.04683643290029E-05
