0.2200126
0.1940111
0.192011
0.193011
0.192011
0.193011
0.193011
0.192011
0.1930111
0.1930111
0.193011
0.1940111
0.1920109
0.193011
0.191011
0.192011
0.191011
0.1910109
0.1930111
0.1950112
0.1940111
0.192011
0.1910109
0.1900109
0.1970112
0.193011
0.1910109
0.1910109
0.1910109
0.193011
0.1910109
0.1980113
0.192011
0.1950112
0.192011
0.1950112
0.1940111
0.1940111
0.1960112
0.193011
0.192011
0.1910109
0.1940111
0.191011
0.1930111
0.192011
0.192011
0.192011
0.192011
0.1910109
0.1920109
0.192011
0.1910109
0.1910109
0.191011
0.1900108
0.1900108
0.1900109
0.191011
0.1900109
0.1950112
0.2060118
0.2370136
0.1950111
0.192011
0.1910109
0.191011
0.192011
0.192011
0.1940111
0.1930111
0.1910109
0.191011
