47.4127118
44.933573
44.826564
46.2286441
46.4886655
46.8576801
46.2936479
47.1566972
46.8226781
47.4227124
47.1766983
46.9026827
47.1036998
47.1626975
47.6247239
46.9256855
47.695728
46.645668
47.3957109
47.0426907
47.1406963
46.15564
47.2277027
47.2077001
47.0756926
46.8996825
47.9387469
47.2317015
47.6527255
47.9627433
47.8197351
47.2857046
47.8687379
47.8047343
47.1926993
47.7947337
47.7537313
47.5007168
47.4537142
47.2737103
46.7806757
46.8026769
46.9386847
47.5977224
47.4567144
46.8376789
47.2127004
46.9686864
47.7457309
46.9676864
47.6907277
47.5497197
46.7826758
46.9526912
47.4957166
47.0406906
47.4057114
46.8716809
47.0506911
46.7056714
47.3697094
47.6997283
46.8186778
47.1106946
47.1867011
46.6386675
47.186699
46.896688
47.0036885
47.02969
47.0386905
46.9846874
47.4917164
47.328707
46.8346788
47.397711
47.6137233
47.607723
46.8526798
46.8916821
47.5007169
47.5797256
47.2016998
47.7147291
46.7636747
47.4887162
47.257703
47.6097232
47.310706
47.1146948
46.8916821
46.9046828
46.5286613
47.4837159
47.1866989
46.5896697
47.8047343
47.135696
47.0386905
46.8086773
47.4967181
46.7796756
46.6996711
47.3007054
47.1306958
47.1426964
47.2397019
47.1406963
47.065692
46.7286777
46.8746811
47.3997111
47.0006883
46.8806814
47.170698
47.0686922
47.3117061
47.1766983
47.4787157
47.4607146
46.8416792
46.9846874
46.7746754
46.8856866
47.0506911
46.6316672
47.6327244
46.7876761
48.0317473
47.7077288
48.0187465
47.0636934
47.9177408
47.171698
48.1277527
47.0646919
47.3047079
47.2507075
47.4247125
47.0926936
47.2737039
47.4787185
47.782733
47.4717152
47.8437365
47.5567212
48.375767
46.9656863
48.1167521
47.2057
47.2667071
47.5487196
47.4587145
47.6897277
47.0846931
47.2026998
47.0626918
46.610666
46.7176721
45.8796242
45.3015911
46.2796471
45.3675949
45.387596
45.7776183
45.8436221
45.3765954
45.3035912
46.33165
45.4185978
45.7666177
45.0045741
45.2335872
45.037576
45.7746181
45.8346216
45.264589
45.5656062
45.6046085
45.2635889
46.0266326
45.0155747
45.946628
45.194585
45.4746024
45.2735895
45.579607
45.6236095
45.2935907
45.439599
45.6726179
44.8315642
45.6566114
45.5116053
45.6756125
45.9506283
45.8506225
45.0235752
44.7235581
45.2585886
45.4856017
45.1485845
45.7606174
45.7286155
45.3355945
45.4175977
45.6276098
45.3025912
45.9976324
45.4195979
45.5216037
45.8126203
46.2136433
45.9856302
45.3725952
45.6906134
45.7106145
45.1995853
45.5866074
45.4286033
45.1475823
45.6336115
45.3165934
45.1215808
45.1575829
45.2865903
45.1905848
45.8346216
45.7776184
44.9975737
45.9206265
45.9406276
45.8376218
45.3545941
45.7686178
45.7106145
45.9416291
45.3225923
45.2155862
45.7476166
45.9196265
45.8676234
45.4285984
46.6736696
45.3925963
45.7906191
45.9036255
45.5626061
46.069635
45.0165748
45.7416163
45.6906134
45.5886076
45.8136204
45.6096087
45.7336159
45.7456165
45.9376388
44.862566
45.3325928
45.423598
45.2065857
45.1195807
45.5316043
45.7106145
45.8286213
46.070635
46.4627268
45.5126031
46.1556399
45.6696122
45.5846073
45.4696007
45.997631
45.5666063
45.4025969
45.3395933
46.2446451
45.404597
45.4646005
45.3305927
45.2725894
45.720615
45.4936021
46.1856417
45.4726009
45.7716179
45.3765954
45.403597
45.3325943
45.4345987
44.6255581
45.7376161
45.6866131
45.3385932
45.5016025
45.2715894
45.3485938
45.1515825
45.8396218
45.6446107
45.8236209
45.2765897
45.7066142
45.5346044
45.018575
45.7026141
45.6796127
45.3205922
45.5206036
46.2796471
45.6986138
45.6826129
44.9615717
45.6276098
45.2205864
45.28259
45.6406105
45.7866189
45.090579
45.1185806
45.4636004
45.4436051
45.4545998
44.9065685
45.4626004
45.3155919
45.4856016
44.8735666
45.1875846
45.6756157
45.4565999
45.4295984
45.2325872
45.1945849
45.4866017
44.7775611
45.2495881
45.2565885
45.1175806
45.2775897
44.9655719
45.4646004
45.8216223
44.9255696
45.4726008
45.1275812
45.2015854
45.3065914
45.4335987
45.5066029
45.7556171
45.1355816
45.5606059
45.1845844
45.8026197
45.5756068
45.2925906
45.0845787
45.439599
44.8185635
45.2385875
45.2625889
45.6076086
45.3775954
45.3125918
45.2585886
45.6456108
44.9785726
45.5766068
45.3485938
45.6586115
45.2035855
45.4195979
45.2975909
45.3015911
44.688556
45.4806014
45.3916006
44.7835615
45.0245752
45.5416048
45.98163
45.3715951
45.2685892
45.7306157
45.2425878
45.4415991
45.5256039
45.8216208
45.999631
44.9155691
45.701614
45.999631
45.5566057
45.475601
45.598608
45.6126089
45.0845787
45.3675949
45.3575943
45.0415889
45.3455936
44.7365588
45.5876074
45.2805899
45.2415877
45.3965966
45.5676064
45.4796012
45.4325986
45.7006139
45.3975966
45.0625775
45.4876018
45.3215923
45.7216151
44.7505596
45.0615774
45.2075858
44.8075629
44.8485652
45.6056085
45.0225751
45.0825786
45.858623
45.7976195
45.2035855
46.0916363
45.1905848
45.561606
45.9076257
45.8996253
45.4035969
45.4776012
45.8216208
45.7466165
45.1545827
45.178584
45.737616
45.3875961
45.7076144
45.562606
44.9315699
45.2695893
45.5926078
45.3715951
45.4866017
45.3245924
45.3325928
44.7795613
45.1895846
46.1016369
44.7245581
45.702614
45.090579
45.5596059
45.2165862
44.9915733
45.2345873
45.3395933
45.2975909
45.3505939
46.1306385
45.6876132
45.0295756
45.2495882
45.9446278
45.3485938
45.4195979
45.2625889
45.2425878
45.3485938
45.8316214
45.7456165
45.3575943
45.6876132
45.7686178
45.247588
45.3215923
45.6226095
45.4065971
45.2975908
45.4315986
45.7766198
45.8746238
46.1336387
45.7996196
45.9986309
45.6976138
45.2045856
45.6086087
45.473601
45.4155977
45.3615945
46.2176435
45.8076201
45.3195921
45.5596058
45.6936135
46.3026483
45.4676006
45.325594
45.6276098
45.2985909
45.4305985
45.3085916
45.4105973
45.4816014
46.0016312
45.7386176
45.470606
45.0565771
45.4646004
45.5636061
45.7576172
45.0055742
45.963629
45.3035912
45.8646248
45.4876018
45.4836015
44.9955736
45.3265925
45.9046256
45.3545942
45.5236038
45.579607
45.0985794
45.3855974
45.5956079
46.0636347
45.4676006
45.4565999
45.2385875
45.5386076
45.403597
45.7096145
45.4315985
45.7096145
46.0656363
45.2985909
45.7926191
45.6516111
45.3205921
45.7466166
45.509603
45.0355759
45.4626003
45.6596116
45.1015797
45.7166149
45.6766125
45.7566171
44.9115688
45.9456279
45.736616
45.6826129
45.5216037
45.2575886
45.8006197
45.4616108
46.1986425
45.1065799
45.9406277
44.9765726
45.5346044
45.7516169
45.4546087
45.9936306
45.4996024
45.2015854
45.4315985
45.0955794
46.2506454
45.6506111
45.2965908
45.5196036
45.6246095
45.4325986
45.78062
45.2085857
45.0295755
44.6895561
45.858623
45.4596002
45.4565999
45.4646005
45.3945964
45.2455879
45.318592
45.3095915
45.7266155
45.9266269
45.4706008
45.264589
45.685613
45.1195807
46.1446393
45.80762
45.3185921
45.5936078
45.8846245
44.9385703
45.6476109
45.8086201
45.4466009
45.1185806
45.650611
44.8265639
45.5576058
45.527604
45.3585958
45.28259
45.1445821
45.4636003
45.4525998
45.4616002
45.4195979
45.2705893
45.5576057
45.3815957
45.3725951
45.0695778
45.7556171
45.4846015
45.2795898
45.4335986
45.2025854
45.0635775
45.5726066
45.8556249
45.3685949
45.1575829
46.0206322
45.4395989
45.1015796
46.1816415
45.2855902
45.0055742
45.1555828
45.3745988
45.2665891
45.2755896
45.1585829
45.3095915
45.4996024
45.1945849
45.3035912
44.9545712
45.7786184
45.9476281
45.3065914
45.3665948
45.5206037
45.4305984
45.1325814
45.7446164
45.0475765
45.7876189
45.1035797
45.5586058
45.2565885
45.4095973
45.8866246
44.7215579
45.4706007
45.2735895
45.4666005
45.3385933
44.9365703
45.28259
45.8086201
45.491602
45.4035969
45.0555771
44.897568
45.2035855
45.7336158
45.4335987
44.7855616
45.1295812
46.2216437
45.4195979
45.1025797
45.4776012
45.9226267
45.3355931
45.6466108
45.3485937
45.6296098
46.033633
45.7306199
45.3855959
44.6725551
45.4716008
44.7985623
45.9016254
45.4055971
46.1186379
45.8486224
46.0886361
45.4065971
45.4335986
45.9826301
44.6455535
45.7106145
45.0185749
44.984573
45.3375931
45.4145976
45.9946308
44.9785726
45.8306213
45.735616
45.7806185
45.2315871
45.8996253
45.3815957
45.7586348
45.5166034
44.792562
45.9506282
45.1375817
45.0845787
45.2435878
44.9105688
45.6096087
45.5146033
45.2525883
45.9186264
45.6386103
45.5166336
45.4285984
45.2955908
45.1665834
45.8486224
45.4075972
45.7256153
44.9615717
45.2600895
45.3785955
45.4836015
46.0966366
46.0226323
45.9276269
45.1495825
45.3405933
45.928627
44.9485709
45.0805785
45.474601
45.3995967
45.5506053
45.5116031
45.5126298
45.2445878
45.4646004
45.7966194
45.5026026
45.7866189
44.8585658
45.1045798
45.3095916
44.7885618
45.2725894
44.7955621
45.1995853
45.1335815
45.4596001
45.649611
45.9366275
45.3765954
45.7846187
45.1725838
45.142582
45.4025969
45.4385989
45.8136204
45.28159
46.0266325
45.3925963
45.0645776
45.5066028
45.054577
45.4275983
45.3665948
45.5496053
45.7556171
45.5926077
45.6246096
45.3985966
45.1365992
46.1316386
45.4636003
45.0335758
45.3655948
44.8705664
45.1815843
46.0706351
44.9585715
45.4706008
45.7796184
45.28259
45.8106202
45.7776183
45.1675849
45.8126203
45.0395761
45.6866131
45.1075814
45.9276269
45.1445821
46.437656
44.7275583
45.6636118
45.4345987
45.8966252
45.4956036
45.9776298
44.9205693
44.9015682
45.1745838
45.4255982
45.2355873
45.4425992
44.8125632
45.2265868
45.1945849
45.1655833
45.665612
45.6066086
45.1275812
45.562606
45.6566114
44.828564
45.7426163
45.1905848
46.0266325
45.0175748
45.4295984
45.1045798
45.1855844
44.9295699
45.4015968
45.7396162
45.5636061
45.5366045
45.7096145
45.8296213
45.8406291
45.6186092
45.5496053
45.4235981
45.3085915
45.6076086
45.6236095
45.6866131
45.0985852
45.5566057
45.28259
45.6416106
45.4966023
45.1835844
45.3065914
45.387596
45.1375817
45.2855902
44.5845501
44.8015625
45.7086144
45.1695835
44.9895732
45.4896019
45.5156033
45.2965908
45.4355988
45.10758
45.4776012
45.0635774
45.8896247
45.1005796
45.7996196
45.3945964
45.6336101
44.7415591
45.8196208
45.5416049
45.4986024
45.4826014
45.1015796
45.4526012
45.7976195
45.5226037
45.1685835
45.4826014
45.0285755
45.825621
45.2975909
46.0046313
44.8565657
44.8525654
45.9076258
45.5826072
45.2395876
45.3065914
45.2345873
45.2895904
45.125581
45.6976138
45.4475994
44.7875617
45.9406277
45.3895961
45.5826071
45.5886075
45.8336215
45.4966022
45.7386161
45.7506168
45.8496224
44.8465651
45.9056256
45.5206037
46.1568216
47.2157733
45.9526284
45.6686121
45.1865859
45.3405934
45.2055856
45.7576186
45.6906133
45.5506053
45.0985795
45.8346216
45.2765896
45.3265925
45.2725895
45.4545999
45.9216266
45.3165919
45.4636004
45.7066142
45.0265754
45.5196036
45.5946079
45.3555942
44.7895618
45.7146148
45.7826186
45.9856302
45.2635889
45.8306214
45.1035798
45.5746067
44.9465708
45.7776183
45.7456165
44.7845615
45.4916019
46.120638
45.1975852
44.9935735
45.5956079
45.2895904
45.6106088
45.4566
45.1865845
45.4065971
45.8746239
45.6136089
45.0765782
45.1615831
45.3735952
45.4325986
45.2325872
45.3735952
45.3535941
45.6476108
45.5206037
45.5216036
45.1365817
45.6956136
46.0416334
45.3405946
45.4315985
45.404597
45.3145919
45.1375818
45.3965965
45.5876074
45.6376103
45.2915905
46.2396447
45.0465765
45.3785956
45.0945793
45.4986024
44.8255639
