50.4519062
47.7557315
47.3607089
48.1737554
47.9487425
48.3427651
48.8507941
48.4657721
48.6487825
48.5207752
48.8037914
48.5737783
48.5777785
48.3137633
49.0778071
48.5957795
49.5218325
48.8357932
48.8857961
49.4848304
48.1937565
48.1837559
48.3317644
48.9477997
48.2447594
48.4807729
48.5367762
48.5007741
48.5317759
47.7167292
49.1418108
48.5687779
49.0868076
48.9237983
48.8597946
49.1518114
48.5647777
48.6077802
48.5377762
48.6417822
48.0137462
48.3567659
48.77879
47.8617376
48.9407992
48.4707724
48.638782
48.6427822
48.1167521
48.2327588
48.3007626
49.3318216
48.4687723
48.9037971
48.5597775
49.5508342
48.5767785
49.0628063
49.3948252
48.7957909
