51.3729384
48.6747841
48.8927965
48.8697952
49.4398278
49.6438394
49.2148149
49.5578346
49.3638235
49.6268385
48.761789
49.3058201
49.7098432
48.6107803
49.0578059
49.0358047
49.564835
48.5047743
49.3788243
49.1868133
49.2498169
49.7218439
49.3568231
49.390825
49.5108318
48.8547944
48.3107632
48.9037972
48.4277699
49.0508055
48.8247926
48.9267985
49.2958195
49.7258442
48.5277757
49.0518056
48.9908022
49.1758127
49.30282
49.425827
49.1488112
49.4308273
49.4998313
48.9528
49.3438223
49.0198038
48.6717839
49.5168322
49.8328503
49.6988426
49.2888192
49.0998083
49.0708067
48.9077974
48.6957853
49.5268328
48.9197981
48.5467767
48.8647949
49.1358104
49.4668294
49.0718068
49.058806
49.4598289
50.0608634
49.1528114
49.2398163
48.9027971
49.408826
48.2987626
49.5498341
48.393768
49.1088089
48.8647949
49.2218154
50.3478798
49.0438052
50.212872
49.2128148
48.9307987
49.4718297
49.7268442
49.6818416
49.6478397
49.8188495
49.5028314
49.6158378
49.040805
48.9427994
49.4128262
49.3398221
49.8878534
48.9217981
49.2728182
49.1918136
49.1318102
49.6058373
49.4858304
49.2458167
49.65384
48.7817901
48.5597775
49.5358333
49.4408278
49.2648178
49.0678065
48.8617948
49.9188552
49.214815
49.3578231
49.2578174
49.7208438
50.2818759
50.2678767
49.0868077
49.0788072
48.9417993
49.4748298
48.9618004
48.9838017
49.6258385
49.3978254
48.6957852
48.9067973
48.6827845
49.1908135
48.9387991
48.9988025
48.6707838
50.0048601
48.761789
49.1528113
49.0328045
49.6728412
49.4988311
49.2198152
48.8897963
49.1008084
49.1028085
48.9688008
48.6157807
49.9628577
48.8447937
49.2428165
49.250817
49.4718296
49.4638292
48.7947909
49.2088145
48.8157921
49.7448452
49.7508456
49.1308101
49.2238154
49.1088089
49.4578288
49.1128091
49.5738355
49.2708181
48.8467939
48.8437937
49.0888077
48.6547829
49.1568116
49.390825
48.4627719
48.5567773
49.2448166
49.0098032
49.2758184
49.9828589
49.3168208
49.1298101
49.0338046
48.5577774
48.9457995
49.3538229
49.6298387
48.3227639
47.9997454
49.267818
49.4758298
49.3948252
49.1328103
49.6088375
49.2528171
49.6418394
48.7567887
49.0968082
48.9237983
49.3758241
49.2078145
49.1558115
48.5147749
49.513832
49.0088031
48.8297929
49.2058144
48.936799
48.883796
49.0308044
49.1088088
49.0728068
49.2668179
49.0638063
48.4097689
48.5097746
49.3478225
48.866795
48.8887963
49.4748298
49.5798358
48.6557829
49.2268156
48.8457938
49.1298101
48.743788
48.5737782
47.2367018
47.2737039
47.2907048
47.2097003
47.2036999
47.2367018
47.5437193
47.275704
47.5767212
47.1546971
46.9936878
47.4237125
47.6457251
47.3737097
47.012689
47.6057229
47.4317129
47.5267184
47.3157063
47.3477081
46.7886761
47.4657149
47.6907278
47.2777042
47.4357132
46.9706866
46.994688
47.327707
47.747731
47.1166949
47.4517141
47.2617033
46.9466852
47.4597145
47.7157292
47.6707266
47.7407306
47.8477367
47.3657091
47.1646976
48.1487539
46.8936821
47.6887276
47.3827101
47.3547085
47.9537428
46.7536741
47.5987225
47.5777213
47.0826929
47.1486968
47.4347131
47.1146948
46.9566858
47.818735
47.2177007
47.0786927
47.3917106
46.9656862
47.1426964
47.2897049
47.0586916
46.9166835
47.083693
47.5617204
47.1836988
47.3317073
47.5917221
47.1446965
47.5907221
47.7377304
47.3187064
47.7517313
47.3927107
47.398711
47.1326959
48.0777498
47.4347132
47.153697
47.5287185
47.6767269
47.3747097
46.7176721
46.9226839
47.3777098
47.6157234
47.4247125
46.3866531
47.6137233
47.1036942
47.1476967
47.3897105
47.2477024
47.9717438
47.6227239
47.5177178
46.7816757
46.9686865
47.0736924
47.2887048
47.9377419
47.4527142
47.6167235
47.3757098
47.4737154
47.5597203
46.8406791
47.4617147
47.0586916
46.8476795
48.3147634
47.4047114
47.5397191
47.6707266
46.664669
47.1436965
46.9516855
46.8846816
46.8526798
47.256703
47.90374
46.8716809
47.468715
47.2907049
47.2036999
46.9216838
48.1647549
48.1057515
47.2697036
46.9516855
47.2857045
48.1657549
47.6807272
48.2437594
47.3367075
47.0016883
47.2997053
47.4967167
47.1216952
47.1986996
47.3707094
47.4407134
46.8776812
47.4397134
48.2557601
46.7886761
47.4377133
47.659726
47.4137119
46.9686864
47.7737325
46.7226724
47.2137004
47.5337188
47.6987282
47.9137405
47.6007226
47.6437251
46.9906877
46.9386848
47.3537085
47.0196894
47.8407364
47.1576973
47.7027284
47.3037056
46.8406791
47.0076887
46.4256554
47.5747211
47.939742
47.0586916
47.5567201
47.4027113
47.8197351
47.7147291
47.5177178
47.5247183
46.9816872
46.8916821
47.6897277
47.5307186
46.944685
47.2087002
47.5097174
48.010746
47.1036941
47.4787156
46.7026713
47.3167063
47.3617089
47.2997054
48.4897734
47.5847217
46.9536856
47.3597088
46.9996882
46.6726695
47.3777098
47.608723
47.258703
47.1846988
47.0166892
47.0266898
47.0036885
47.5627204
47.1416964
47.2387019
47.4037113
47.2477024
47.3027055
47.1136948
48.061749
47.2047
46.4396562
47.4617146
47.375714
47.3147062
47.973744
47.5317187
47.4877162
47.5147177
46.6776698
46.6756697
47.4417135
47.6797272
47.6527256
46.7476738
47.763732
47.3167064
47.4747154
47.4267127
47.0056886
47.5917221
47.2026998
46.9886876
47.2317015
47.0286898
47.2947051
47.3897105
47.0876933
47.6897277
47.3837102
47.3997111
47.4817158
47.0766927
47.4397134
47.2807043
47.1416963
46.7496739
47.5377191
47.6467252
47.5877219
47.3997111
47.7137291
46.8686807
47.6167235
47.7657321
47.72973
46.6716695
47.6257241
47.7557315
47.1806986
46.8426793
46.9506854
47.1016941
47.5567201
47.1616975
47.344708
47.0746925
47.4587145
47.2287013
47.4387134
47.923741
46.9566858
47.135696
46.4936592
46.9866875
47.4577144
47.2277012
47.0776927
47.1426965
47.9437422
47.1276955
