49.0808073
47.6867275
47.4887162
47.940742
47.8077345
48.4597717
47.8447365
47.9267413
48.2437594
47.8107346
47.9197409
47.573721
48.2807615
47.4697151
47.466715
47.4247126
47.5407191
47.5847217
47.7137291
47.6087231
48.4627719
47.5427193
47.5597202
47.8607375
48.1297528
47.7927336
47.8387362
48.3807672
48.0867504
48.9598003
48.1217524
48.6697838
48.2087574
47.9887448
48.3817673
48.1827559
48.3927679
48.1737554
48.3427651
48.5677779
48.6057801
48.289762
48.2037571
48.8517941
48.3137634
48.6357818
48.2197581
48.3997683
47.9407421
48.4067687
49.1548115
48.2307586
48.3787671
48.324764
47.7857331
49.0378048
48.2687608
47.9377419
48.1737554
47.8767384
49.0798072
47.8197352
48.358766
48.4307701
48.009746
48.1507541
48.237759
47.9767441
48.3827673
48.6927851
47.9877447
48.3967681
48.1567545
47.956743
49.2118148
48.6047801
48.0147463
48.0947509
48.5177751
48.2477596
48.971801
48.6057801
48.3277641
47.9927451
48.2227582
48.044748
48.4007684
48.3807672
48.5197751
48.8257927
48.5237754
48.4757726
48.4567715
48.6197809
48.2607603
48.7557886
48.5997797
48.0817501
48.2687608
48.2597603
48.4617719
48.6087802
48.6307815
48.3357647
48.568778
47.9087402
48.7487883
48.7037857
48.517775
48.3507656
48.3977682
48.0027456
48.0997511
48.8757955
48.150754
49.2488169
47.9377419
48.1937565
48.394768
49.0528056
49.1038086
47.9097403
48.0147463
47.8507369
47.9247411
48.202757
48.3827674
47.9017398
48.8167922
48.3297643
48.7247869
48.1307529
48.7847903
48.7057858
48.551777
47.9477424
49.0958081
48.5967796
47.695728
48.8427936
48.7187866
48.2087573
48.5817787
48.1527542
48.7217868
48.3647663
48.6317815
47.8857389
48.2127577
48.6417821
48.0147463
48.638782
48.5937794
48.4707724
48.2437594
48.3267641
48.7357875
48.6277814
48.5427765
48.6547829
48.2347588
48.7647892
48.7687894
48.6517827
48.3437651
47.6727267
48.534776
48.341765
48.5437766
49.0538057
48.8447938
48.9057972
48.3527656
48.2767613
48.1567544
48.4027685
48.2597603
48.1197523
48.4487712
48.4637719
47.6637262
48.5597775
48.2347589
48.1757555
47.8907392
48.5137749
48.8147921
47.6677264
47.974744
49.0198038
48.8937966
48.60478
48.7777899
50.7159007
49.0278043
49.0878076
48.6857846
48.8687952
48.8207924
48.4157692
48.6417821
48.5377762
49.0628063
48.5337759
48.8227925
49.3978254
48.6637835
49.1688123
48.6807844
48.8047915
48.8077916
48.9768013
48.8707952
48.287762
49.2888192
49.0708066
49.2558173
49.7838474
49.2598175
48.6867847
49.4358275
49.0868076
48.6867847
51.9300694
53.0398862
52.995465
53.0673829
51.4801359
51.2501625
50.9165477
50.5698924
49.7418465
53.408213
52.2447206
52.3455102
53.9203907
50.8349076
50.9969183
49.7408523
57.5906938
55.6653973
53.3556295
51.0249229
50.1318674
50.0288615
49.3678237
50.3138793
49.4418279
52.8930444
54.0532076
53.6340904
55.1537776
53.9761044
54.0724935
50.9279963
56.7075852
48.4007963
47.8367397
48.9108494
50.0710609
48.5627776
48.4747741
48.6537843
53.7676171
58.4318148
60.9654087
55.4604404
53.4560943
53.1391926
54.0409371
53.1279863
53.8230927
53.14008
53.1760595
52.7340739
56.934964
54.4876552
55.6288955
56.0429833
56.8231103
56.5370488
56.6253435
52.7016822
52.0350078
51.6300005
51.6963252
54.5248027
55.4247768
53.1182287
53.8408489
63.0603447
57.2498135
55.9247555
49.7139038
50.2602149
49.8182803
49.1530315
51.3207925
51.3729473
55.4139504
56.2574412
56.4406645
55.9504105
56.1866754
56.7499976
56.709569
57.2869582
54.3423936
53.6878404
52.711017
49.5389678
50.7643413
49.6712207
49.840889
53.056531
52.3217331
49.9749608
51.2280113
50.5383894
51.9515163
50.0229931
51.5380421
51.5300289
48.1627708
47.8297357
47.9957452
49.1078089
52.7450846
51.0094454
51.16311
51.3011235
71.102286
52.7793701
50.0612071
49.7245066
46.1256383
47.0696923
46.1326387
46.5506626
46.5226609
47.188699
46.7356731
46.5036598
47.2377018
46.2696464
46.8466795
45.9976309
46.6836701
46.1126374
46.4486567
46.1906419
45.8166205
46.3236495
46.4126547
46.348651
46.1696408
46.0106317
46.3806528
46.3376504
46.4766584
46.3646519
46.5696636
46.9356845
46.2536456
47.3867104
46.4456565
46.0426334
46.6196665
46.50666
46.313649
46.5266612
46.5566629
46.5816643
46.7086715
46.0366331
46.4096545
46.3686522
45.7586173
46.4576572
46.4056542
46.7726752
46.4686579
46.1156377
46.6546685
46.664669
46.0276327
46.1056371
48.2029204
46.4206552
46.1526398
46.7806757
45.9746295
46.4956594
45.9246268
46.1276384
46.1446393
46.4056543
47.1976996
46.2036427
47.1236953
46.7026712
46.68167
46.0276326
47.1196951
46.6046657
46.8936822
46.4486567
46.8376789
45.9256268
46.9806872
45.9136261
46.557663
46.1206379
46.1146376
46.2706465
46.0626346
46.8416792
46.1326386
46.664669
46.1886419
46.8446794
46.260646
46.2476452
46.6326673
46.3876532
46.7316729
46.7246725
46.7956765
46.9486853
46.5376618
46.767675
46.3576515
46.8526798
46.2416449
46.3166492
46.8816815
46.5176607
46.9386847
46.3176492
47.0966938
46.9326844
46.2326444
46.8686807
46.2186436
46.3926535
46.6946708
46.8226781
46.5396619
46.9476853
46.6446679
46.4896591
46.4256554
46.8366789
46.5736639
46.8516797
46.6246668
46.8746811
46.348651
46.8876819
46.8226781
46.7836759
46.6486682
46.3646519
46.6536685
46.7976766
46.733673
46.6486682
46.5266612
46.120638
46.0796356
45.9346273
47.0926935
46.7576743
47.1336959
46.7726752
46.7946765
47.3017055
47.0376904
46.8696808
46.3396504
47.0676921
46.5616631
46.1506397
47.0206894
46.9876875
46.1066371
46.9936878
46.7446737
46.7876761
45.8606231
47.1126947
46.7966766
46.4406562
46.7636747
46.2756468
46.7626746
46.7196722
46.5726638
47.0186893
46.9296842
