0.0470027
0.0200012
0.0200011
0.0200011
0.0200012
0.0200011
0.0210012
0.0210012
0.0200011
0.0200012
0.0200011
0.0200012
0.0200012
0.0200011
0.0230013
0.0200012
0.0200011
0.0200012
0.0200011
0.0200012
0.0200012
0.0210012
0.0200012
0.0200012
0.0200012
0.0200011
0.0200012
0.0200012
0.0200012
0.0210012
0.0210012
0.0210012
0.0210012
0.0200012
0.0210012
0.0200011
0.0210012
0.0210012
0.0210012
0.0210012
0.0200011
0.0200012
0.0200011
0.0210012
0.0210012
0.0220013
0.0210012
0.0200011
0.0210012
0.0200012
0.0200011
0.0210012
0.0200012
0.0210012
0.0210012
0.0200011
0.0210012
0.0200011
0.0210012
0.0200012
0.0200012
0.0200011
0.0210012
0.0200012
0.0210012
0.0200012
0.0210012
0.0210012
0.0200012
0.0200012
0.0200012
0.0200011
0.0210012
0.0200012
0.0210012
0.0200012
0.0200011
0.0210012
0.0200012
0.0200012
0.0200012
0.0210012
0.0200011
0.0200012
0.0200011
0.0200012
0.0200012
0.0210012
0.0200011
0.0210012
0.0200011
0.0200011
0.0210012
0.0210012
0.0200011
0.0210012
0.0210012
0.0200012
0.0200011
0.0210012
0.0200011
0.0200011
0.0200011
0.0210012
0.0200011
0.0210012
0.0210012
0.0200012
0.0200012
0.0200012
0.0200012
0.0200012
0.0200011
0.0210012
0.0210012
0.0210012
0.0210012
0.0200012
0.0200012
0.0200011
0.0200012
0.0200012
0.0210012
0.0200011
0.0210012
0.0200012
0.0210013
0.0210012
0.0200011
0.0210012
0.0210012
0.0200011
0.0200012
0.0200012
0.0200011
0.0200012
0.0200012
0.0200011
0.0210012
0.0200011
0.0200012
0.0200012
0.0200012
0.0200012
0.0200011
0.0200012
0.0210012
0.0210012
0.0200012
0.0210012
0.0200012
0.0210012
0.0200012
0.0210012
0.0200012
0.0200011
0.0200012
0.0210012
0.0210012
0.0210012
0.0200012
0.0200011
0.0210012
0.0200012
0.0200011
0.0200011
0.0200011
0.0200012
0.0200011
0.0200012
0.0200012
0.0200011
0.0210013
0.0210012
0.0210012
0.0210012
0.0210012
0.0210012
0.0200012
0.019001
0.0210012
0.0200012
0.0200011
0.0200012
0.0200012
0.0200011
0.0200011
0.0210012
0.0210012
0.0210012
0.0210012
0.0200012
0.0200012
0.0200011
0.0200011
0.0200011
0.0200012
0.0200012
0.0200012
0.0210012
