0.2070119
0.193011
0.1920109
0.1940111
0.193011
0.1980114
0.193011
0.192011
0.1910109
0.1920109
0.192011
0.1910109
0.1970113
0.192011
0.1900109
0.1930111
0.192011
0.1900109
0.192011
0.192011
0.193011
0.192011
0.1920109
0.1910109
0.192011
0.193011
0.1950111
0.1910109
0.1960112
0.1940111
0.1950111
0.1920109
0.1910109
0.1940111
0.192011
0.1910109
0.191011
0.192011
0.1940111
0.1900109
0.1910109
0.1900109
0.1910109
0.1910109
0.193011
0.192011
0.193011
0.1980113
0.1970113
0.1970113
0.193011
0.193011
0.1950111
0.192011
0.193011
0.192011
0.1990114
0.191011
0.192011
0.192011
0.1920109
0.1940111
0.193011
0.193011
0.1920109
0.192011
0.193011
0.1900108
0.192011
0.1910109
0.191011
0.1890108
0.192011
0.193011
0.1950112
0.1990114
0.1940111
0.1910109
0.192011
0.192011
0.193011
0.192011
0.193011
0.192011
0.1920109
0.191011
0.192011
0.1930111
0.1910109
0.192011
0.1940111
0.2030116
0.1940111
0.192011
0.1920109
0.192011
0.1930111
0.2000114
0.192011
0.1910109
0.1910109
0.1920109
0.191011
0.192011
0.192011
0.193011
0.192011
0.1990114
0.1910109
0.192011
0.1930111
0.192011
0.1940111
0.1910109
0.1930111
0.192011
0.1910109
0.1910109
0.192011
0.193011
0.1910109
0.1980113
0.1960112
0.1930111
0.1970113
0.1900109
0.193011
0.1940111
0.191011
0.1920109
0.193011
0.192011
0.1910109
0.1930111
0.191011
0.1930111
0.1950111
0.1910109
0.1910109
0.191011
0.192011
0.192011
0.2010115
0.1900109
0.192011
0.1910109
0.1960112
0.192011
0.192011
0.191011
0.1970112
0.1970113
0.192011
0.1910109
0.1910109
0.1900109
0.1910109
0.1910109
0.192011
0.192011
0.192011
0.1950112
0.191011
0.1930111
0.1940111
0.1910109
0.192011
0.1950111
0.191011
0.1920109
0.1950112
0.1940111
0.1920109
0.1930111
0.1940111
0.1910109
0.1910109
0.1910109
0.192011
0.191011
0.1910109
0.191011
0.1950112
0.192011
0.1910109
0.191011
0.192011
0.1960112
0.191011
0.1950111
0.192011
0.192011
0.192011
0.192011
0.192011
0.193011
0.192011
0.1940111
0.1930111
0.1960112
