0.0450025
0.0200012
0.0220013
0.0200012
0.0200011
0.0200012
0.0190011
0.0200011
0.0220012
0.0210012
0.0210012
0.0210012
0.0200012
0.0210012
0.0210012
0.0210012
0.0200012
0.0230013
0.0200011
0.0230013
0.0200011
0.0210012
0.0210012
0.0210012
0.0210012
0.0210012
0.0210012
0.0200011
0.0200012
0.0210012
0.0200011
0.0200011
0.0200011
0.0200012
0.0210012
0.0210012
0.0200012
0.0200011
0.0200011
0.0200011
0.0210012
0.0200011
0.0200012
0.0210012
0.0210012
0.0250014
0.0200012
0.0200012
0.02
0.02
0.02
0.0200001
0.02
0.0200001
0.02
0.02
0.02
0.02
0.02
0.0200001
0.0170004
0.0200001
0.0200001
0.0230008
0.0200001
0.02
0.02
0.0210012
0.0300001
0.0200001
0.02
0.0110006
0.02
0.02
0.02
0.011
0.02
0.02
0.02
0.0200001
0.0200001
0.02
0.0200011
0.02
0.0200001
0.0200001
0.01
0.02
0.0200001
0.0200001
0.0200001
0.0200001
0.0200001
0.0270004
0.02
0.02
0.02
0.0210012
0.02
0.02
0.02
0.0200001
0.0200001
0.0300001
0.0140008
0.02
0.02
0.02
0.02
0.02
0.0200001
0.0200001
0.0200001
0.0200001
0.0200001
0.02
0.02
0.02
0.02
0.02
0.02
0.02
0.0260003
0.0210001
0.02
0.02
0.0200001
0.02
0.02
0.02
0.02
0.02
0.02
0.0110007
0.0200001
0.0200001
0.0200001
0.02
0.02
0.02
0.0210006
0.02
0.02
0.02
0.02
0.02
0.02
0.0200005
0.02
0.02
0.02
0.0200001
0.02
0.02
0.0200006
0.02
0.02
0.02
0.02
0.02
0.01
0.02
0.0200001
0.0200001
0.0200001
0.0260009
0.02
0.02
0.02
0.0110001
0.02
0.02
0.0200001
0.02
0.02
0.02
0.0300012
0.02
0.0200001
0.0200001
0.0200001
0.0200001
0.02
0.02
0.02
0.0200001
0.0200001
0.02
0.02
0.02
0.0200001
0.0220007
0.0200001
0.0200001
0.02
0.0200011
0.02
0.01
0.02
0.0200001
